 WAVE              EFF
----- ---------------- 
5000. 0.14940313613313
5002. 0.14965320797104
5004. 0.14990234168812
5006. 0.15015329709064
5008. 0.15040192609984
5010. 0.15065099082474
5012. 0.15090049204718
5014. 0.15115043055044
5016. 0.15139941267268
5018. 0.15164882903929
5020. 0.15189728139366
5022. 0.15214616494729
5024. 0.15239407685871
5026. 0.15264382281097
5028. 0.15289118587598
5030. 0.15314038449759
5032. 0.15338860077291
5034. 0.15363582859295
5036. 0.15388347917836
5038. 0.15413155326953
5040. 0.15437862972189
5042. 0.15462612659257
5044. 0.15487404461424
5046. 0.1551209557975
5048. 0.15536828503182
5050. 0.15561459977215
5052. 0.15586132945657
5054. 0.15610847480106
5056. 0.15635459643718
5058. 0.15660113061449
5060. 0.15684663342374
5062. 0.15709254564877
5064. 0.15733741885112
5066. 0.15758414973459
5068. 0.15782838479881
5070. 0.15807447892638
5072. 0.15831952322986
5074. 0.15856497205196
5076. 0.15880936338172
5078. 0.15905415607666
5080. 0.15929788361756
5082. 0.15954200936479
5084. 0.15978653398488
5086. 0.16002998420804
5088. 0.16027235396533
5090. 0.16051659400557
5092. 0.16075975040612
5094. 0.16100329998694
5096. 0.16124575826422
5098. 0.16148860653841
5100. 0.1617303558537
5102. 0.16197398380694
5104. 0.16221501554626
5106. 0.16245792719277
5108. 0.16269972902725
5110. 0.16294041499511
5112. 0.16318148201308
5114. 0.16342293069925
5116. 0.16366325427152
5118. 0.16390546592159
5120. 0.16414503740556
5122. 0.16438649818959
5124. 0.16462682299212
5126. 0.16486600577594
5128. 0.16510556119746
5130. 0.16534548985151
5132. 0.16558426723938
5134. 0.16582341463296
5136. 0.1660629326197
5138. 0.16630129008945
5140. 0.16654001491845
5142. 0.16677757160153
5144. 0.1670154924081
5146. 0.16725377791
5148. 0.16749088602478
5150. 0.16772835559268
5152. 0.16796464015959
5154. 0.16820128293614
5156. 0.16843828447869
5158. 0.16867409179153
5160. 0.16891181034921
5162. 0.16914677351654
5164. 0.16938208895393
5166. 0.16961775720245
5168. 0.16985377880399
5170. 0.17008702115374
5172. 0.17032217799733
5174. 0.17055611457844
5176. 0.17079197103453
5178. 0.17102502875749
5180. 0.17125843005402
5182. 0.17149217544293
5184. 0.17172468379378
5186. 0.17195911676791
5188. 0.17219072349297
5190. 0.1724242558656
5192. 0.17265654037158
5194. 0.1728875710974
5196. 0.17311893663261
5198. 0.17335063747415
5200. 0.17358107537156
5202. 0.17381184530572
5204. 0.1740429477666
5206. 0.1742727781259
5208. 0.17450293773954
5210. 0.17473342709054
5212. 0.17496263518982
5214. 0.17519216975162
5216. 0.1754204155629
5218. 0.17564898456433
5220. 0.17587787722447
5222. 0.17610547201375
5224. 0.17633338718759
5226. 0.17655999702256
5228. 0.17678855224629
5230. 0.17701416848732
5232. 0.1772417310263
5234. 0.17746797749557
5236. 0.17769453871093
5238. 0.17791977641128
5240. 0.17814532558482
5242. 0.17837118667236
5244. 0.17859571518045
5246. 0.17882055232925
5248. 0.17904404948869
5250. 0.17926785201994
5252. 0.17949196034992
5254. 0.17971637490613
5256. 0.1799394388056
5258. 0.1801611463052
5260. 0.18038315307414
5262. 0.18060712297103
5264. 0.18082806607339
5266. 0.18104930559845
5268. 0.18127084195292
5270. 0.18149100394244
5272. 0.18171313313223
5274. 0.18193220902626
5276. 0.18215325292163
5278. 0.18237291186331
5280. 0.18259118017578
5282. 0.18281141969427
5284. 0.18303026532609
5286. 0.18324771141182
5288. 0.18346544209472
5290. 0.18368345775544
5292. 0.18390006498516
5294. 0.18411864973229
5296. 0.18433412500835
5298. 0.18455157855109
5300. 0.18476761316785
5302. 0.18498392701462
5304. 0.18519881470809
5306. 0.18541397839018
5308. 0.18562770872061
5310. 0.18584342347953
5312. 0.18605598800239
5314. 0.18627053766493
5316. 0.18648364356442
5318. 0.186697019697
5320. 0.1869089449095
5322. 0.18712113713044
5324. 0.18733359670307
5326. 0.18754459661356
5328. 0.18775758995937
5330. 0.18796738916772
5332. 0.18817744930002
5334. 0.18838777068714
5336. 0.1885983536604
5338. 0.18880745956259
5340. 0.18901682384219
5342. 0.18922470399267
5344. 0.18943458407072
5346. 0.18964123014862
5348. 0.18984987679285
5350. 0.19005702907644
5352. 0.19026443398112
5354. 0.19047033751594
5356. 0.19067649048615
5358. 0.19088289319941
5360. 0.1910877859721
5362. 0.19129292530926
5364. 0.19149831151286
5366. 0.1917021792348
5368. 0.19190629065209
5370. 0.19211064606107
5372. 0.19231347447771
5374. 0.19251654372279
5376. 0.19271985408705
5378. 0.19291985211387
5380. 0.19312186310993
5382. 0.19332411235316
5384. 0.19352481769147
5386. 0.19372575813052
5388. 0.19392514782519
5390. 0.19412476948675
5392. 0.19432462338914
5394. 0.19452291817613
5396. 0.19472144207939
5398. 0.19492019536752
5400. 0.19511738120366
5402. 0.19531479330975
5404. 0.19551243194908
5406. 0.19570849483506
5408. 0.19590658550742
5410. 0.19610129115009
5412. 0.19629621713214
5414. 0.19649136370607
5416. 0.19668673112465
5418. 0.19688050629615
5420. 0.19707449922857
5422. 0.19726871016954
5424. 0.19746132067264
5426. 0.19765414611168
5428. 0.19784536449764
5430. 0.19803679476177
5432. 0.19822843714128
5434. 0.19842029187363
5436. 0.19861052991756
5438. 0.19880097726506
5440. 0.19898980137637
5442. 0.19918066627079
5444. 0.19936806863571
5446. 0.19955751223854
5448. 0.19974532306289
5450. 0.19993333758739
5452. 0.20011971285552
5454. 0.20030628881548
5456. 0.20049306568483
5458. 0.2006800436814
5460. 0.20086537297627
5462. 0.20104904866142
5464. 0.20123477271669
5466. 0.20141884018081
5468. 0.20160310300057
5470. 0.20178570286072
5472. 0.20196849510906
5474. 0.20215147994903
5476. 0.20233279402178
5478. 0.20251429773308
5480. 0.20269599128175
5482. 0.20287600630114
5484. 0.20305807844493
5486. 0.20323659723118
5488. 0.20341717353059
5490. 0.2035960621148
5492. 0.20377513506044
5494. 0.20395251407681
5496. 0.2041300745467
5498. 0.20430781665547
5500. 0.20448385721408
5502. 0.20466007651943
5504. 0.2048364747525
5506. 0.20501116386316
5508. 0.20518791886739
5510. 0.20536107041624
5512. 0.20553628821217
5514. 0.20570978792444
5516. 0.20588346117953
5518. 0.2060554103008
5520. 0.20622753012215
5522. 0.20639982081176
5524. 0.206572282538
5526. 0.20674301128714
5528. 0.20691390824456
5530. 0.20708306626018
5532. 0.20725238967603
5534. 0.20742187865206
5536. 0.20758962136849
5538. 0.20775752685491
5540. 0.20792751034155
5542. 0.20809382676151
5544. 0.20826030333686
5546. 0.20842694021954
5548. 0.20859181635115
5550. 0.20875877276716
5552. 0.20892396567603
5554. 0.2090873906615
5556. 0.20925097061575
5558. 0.20941470568292
5560. 0.2095785960073
5562. 0.20974070994108
5564. 0.2099029764142
5566. 0.21006539556712
5568. 0.21022603127824
5570. 0.21038681697088
5572. 0.21054775278175
5574. 0.21070689815652
5576. 0.21086619097118
5578. 0.21102563135873
5580. 0.21118327437353
5582. 0.21134106230315
5584. 0.21149899527694
5586. 0.2116551239997
5588. 0.21181139512916
5590. 0.21196780879109
5592. 0.21212436511139
5594. 0.21227910904424
5596. 0.21243399301654
5598. 0.21258705914247
5600. 0.21274026271252
5602. 0.21289360384548
5604. 0.21304708266023
5606. 0.21319873563379
5608. 0.21335052371311
5610. 0.21350244701366
5612. 0.21365253782934
5614. 0.21380276131214
5616. 0.21395311757415
5618. 0.21410163476956
5620. 0.21425028221233
5622. 0.21439906001124
5624. 0.21454599222446
5626. 0.21469305228453
5628. 0.21484024029698
5630. 0.21498557626799
5632. 0.21513301914418
5634. 0.21527662471026
5636. 0.21542233738627
5638. 0.2155661903884
5640. 0.21571016659595
5642. 0.2158542661082
5644. 0.21599649961406
5646. 0.21613885398284
5648. 0.21628132931072
5650. 0.21642193236513
5652. 0.2165626539607
5654. 0.21670349419057
5656. 0.21684245594596
5658. 0.21698153394186
5660. 0.21712072826845
5662. 0.21725803798625
5664. 0.21739746396083
5666. 0.21753500295534
5668. 0.21767065125677
5670. 0.21780841734365
5672. 0.21794429039094
5674. 0.21807826672876
5676. 0.21821436235675
5678. 0.21834855895384
5680. 0.21848286518593
5682. 0.21861526760441
5684. 0.21874777736184
5686. 0.21888039453704
5688. 0.21901110203283
5690. 0.219141914676
5692. 0.21927485212939
5694. 0.219403855709
5696. 0.21953498425124
5698. 0.21966217188169
5700. 0.21979148462172
5702. 0.21992090056228
5704. 0.22004839304707
5706. 0.22017598651069
5708. 0.22030165196155
5710. 0.2204294464187
5712. 0.22055531066797
5714. 0.22067924129997
5716. 0.22080530230267
5718. 0.22092739269399
5720. 0.22105364955764
5722. 0.221175931367
5724. 0.22129830785584
5726. 0.22142077908756
5728. 0.22154334512562
5730. 0.22166396442357
5732. 0.22178467641252
5734. 0.22190548115351
5736. 0.22202433377852
5738. 0.22214532309254
5740. 0.22226435820136
5742. 0.22238143587466
5744. 0.22250065150949
5746. 0.22261790764756
5748. 0.22273320110538
5750. 0.22285063377388
5752. 0.22296610172917
5754. 0.22308165648342
5756. 0.22319729809079
5758. 0.223310969826
5760. 0.22342472640842
5762. 0.22353856788998
5764. 0.2236524943227
5766. 0.22376444480242
5768. 0.2238764782547
5770. 0.22398859472937
5772. 0.2240987302412
5774. 0.22420894682591
5776. 0.22431924453118
5778. 0.22442962340475
5780. 0.22453801541333
5782. 0.22464648666863
5784. 0.22475503721631
5786. 0.22486366710205
5788. 0.22497030430898
5790. 0.22507701896064
5792. 0.22518173709068
5794. 0.22528860577849
5796. 0.22539347608121
5798. 0.22549842205048
5800. 0.22560344372801
5802. 0.22570646231263
5804. 0.22580955477082
5806. 0.22591272114235
5808. 0.226015961467
5810. 0.22611719315868
5812. 0.2262184969979
5814. 0.22631987302252
5816. 0.22641923586265
5818. 0.22652075543685
5820. 0.22661817281022
5822. 0.22671983514697
5824. 0.22681739168787
5826. 0.22691501696657
5828. 0.2270127110173
5830. 0.22711047387435
5832. 0.22720621291583
5834. 0.22730411258677
5836. 0.22739789230386
5838. 0.22749383271544
5840. 0.22758984031546
5842. 0.22768381808141
5844. 0.22777786134935
5846. 0.22787197015013
5848. 0.22796404487847
5850. 0.22805618348478
5852. 0.22814838599819
5854. 0.22824065244787
5856. 0.22833087984819
5858. 0.22842327340703
5860. 0.22851152161266
5862. 0.22860193603185
5864. 0.22869030652051
5866. 0.2287787377831
5868. 0.22886933780036
5870. 0.22895578273386
5872. 0.22904439647396
5874. 0.22913096070803
5876. 0.22921758423084
5878. 0.22930426706682
5880. 0.22938889648084
5882. 0.229475697217
5884. 0.22956044299962
5886. 0.22964313150999
5888. 0.22972799219173
5890. 0.22981079410234
5892. 0.22989365236436
5894. 0.22997656699923
5896. 0.2300595380284
5898. 0.23014044579175
5900. 0.23022140848146
5902. 0.23030242611754
5904. 0.23038137681932
5906. 0.23046250366099
5908. 0.23054156213262
5910. 0.23062067415346
5912. 0.23069983974214
5914. 0.23077693337341
5916. 0.23085620542359
5918. 0.23093340411209
5920. 0.23100852732307
5922. 0.23108582971576
5924. 0.23116105526021
5926. 0.23123633164928
5928. 0.2313116588989
5930. 0.23138703702501
5932. 0.2314624660436
5934. 0.23153581343718
5936. 0.23160921038357
5938. 0.23168052303113
5940. 0.23175401845021
5942. 0.23182542826475
5944. 0.23189688635441
5946. 0.23196839273258
5948. 0.23203994741268
5950. 0.23210941259161
5952. 0.23218106325597
5954. 0.23225062314505
5956. 0.23231809034902
5958. 0.23238774371565
5960. 0.23245530315739
5962. 0.23252290842375
5964. 0.23259055952571
5966. 0.23265825647429
5968. 0.23272385580471
5970. 0.23279164385526
5972. 0.23285518839456
5974. 0.23292092167365
5976. 0.23298669962198
5978. 0.23305252224945
5980. 0.23311624247612
5982. 0.23318000620739
5984. 0.23324381345197
5986. 0.23330551538552
5988. 0.23336725969272
5990. 0.23342904638117
5992. 0.23349087545849
5994. 0.23355274693231
5996. 0.23361466081029
5998. 0.23367446486884
6000. 0.23373431022471
6002. 0.23379419688443
6004. 0.23385412485461
6006. 0.23391193972332
6008. 0.2339719497815
6010. 0.23402984566512
6012. 0.23408778179823
6014. 0.23414575818639
6016. 0.23420161774859
6018. 0.23425751652742
6020. 0.23431561264399
6022. 0.234369431753
6024. 0.23442544820882
6026. 0.2344815038994
6028. 0.23453543866817
6030. 0.23458941166676
6032. 0.23464342289873
6034. 0.23469747236764
6036. 0.23474939794528
6038. 0.23480352340035
6040. 0.23485552399356
6042. 0.23490756185933
6044. 0.23495963700027
6046. 0.23500958489077
6048. 0.23506173410967
6050. 0.2351117551421
6052. 0.23516181251796
6054. 0.23521190623897
6056. 0.23525986947337
6058. 0.23531003542775
6060. 0.23535806999421
6062. 0.23540614000697
6064. 0.23545424546682
6066. 0.23550238637458
6068. 0.2355483932402
6070. 0.23559660460223
6072. 0.23564268105508
6074. 0.23568879208954
6076. 0.23573493770555
6078. 0.23577894628869
6080. 0.235825160642
6082. 0.23586923713047
6084. 0.23591334736753
6086. 0.23595749135225
6088. 0.23600166908372
6090. 0.23604370650818
6092. 0.23608795132302
6094. 0.2361300550335
6096. 0.23617219169078
6098. 0.23621436129312
6100. 0.23625656383879
6102. 0.23629662294375
6104. 0.23633889098171
6106. 0.23637901481646
6108. 0.23641917082778
6110. 0.23645935901316
6112. 0.2364974011385
6114. 0.23653765329375
6116. 0.23657575866198
6118. 0.23661607477602
6120. 0.23665424337497
6122. 0.23669026340092
6124. 0.23672849451431
6126. 0.2367645763634
6128. 0.236802869977
6130. 0.23683901363395
6132. 0.23687518802255
6134. 0.23691139313875
6136. 0.23694544662026
6138. 0.23698171284554
6140. 0.23701582677961
6142. 0.23704997077589
6144. 0.23708632846532
6146. 0.23712053288668
6148. 0.23715258309011
6150. 0.23718684728742
6152. 0.2372189566457
6154. 0.23725328059892
6156. 0.23728326362133
6158. 0.23731546122764
6160. 0.23734768823897
6162. 0.23737994464986
6164. 0.23741223045485
6166. 0.23744235871352
6168. 0.23747251577979
6170. 0.23750270164747
6172. 0.23753291631038
6174. 0.23756315976236
6176. 0.23759124369096
6178. 0.23761935585836
6180. 0.23764968508207
6182. 0.23767785396584
6184. 0.23770605106802
6186. 0.23773427638179
6188. 0.23776034003658
6190. 0.23778862149257
6192. 0.23781474077467
6194. 0.23784307834471
6196. 0.23786925322499
6198. 0.2378954557728
6200. 0.23791949465105
6202. 0.23794575226965
6204. 0.23797203753312
6206. 0.23799615839831
6208. 0.23802249868664
6210. 0.23804667409635
6212. 0.23806868395132
6214. 0.23809291342768
6216. 0.23811717003654
6218. 0.23814145376981
6220. 0.23816357104178
6222. 0.23818790877555
6224. 0.23821007960333
6226. 0.23823227709402
6228. 0.23825230684395
6230. 0.23827455742935
6232. 0.23829683465127
6234. 0.23831913850103
6236. 0.23833927377402
6238. 0.23835943526594
6240. 0.23837962296743
6242. 0.23839983686916
6244. 0.2384200769618
6246. 0.23844034323606
6248. 0.23845843938915
6250. 0.23847875781167
6252. 0.23849690574
6254. 0.23851507945767
6256. 0.23853327895477
6258. 0.2385515042214
6260. 0.23856975524766
6262. 0.23858803202369
6264. 0.2386041369042
6266. 0.23862246498141
6268. 0.23863862082561
6270. 0.23865700016381
6272. 0.23867320693063
6274. 0.23868943906865
6276. 0.23870569656744
6278. 0.238719780716
6280. 0.23873608875484
6282. 0.23875242212298
6284. 0.23876658167843
6286. 0.23878076626092
6288. 0.23879717525254
6290. 0.23880921046288
6292. 0.23882347006035
6294. 0.23883775464085
6296. 0.23885206419343
6298. 0.23886639870714
6300. 0.23887855800811
6302. 0.23889074200371
6304. 0.23890515106998
6306. 0.23891738453282
6308. 0.23892964265586
6310. 0.23894192542761
6312. 0.23895423283658
6314. 0.23896436391803
6316. 0.23897672045323
6318. 0.23898910159107
6320. 0.23899930604505
6322. 0.23900953487015
6324. 0.23902198951809
6326. 0.23903226714399
6328. 0.23904256910516
6330. 0.23905289538959
6332. 0.2390610441416
6334. 0.23907141894113
6336. 0.23908181802783
6338. 0.23909003927902
6340. 0.23910048680813
6342. 0.23910875630533
6344. 0.23911704986888
6346. 0.23912536748627
6348. 0.23913370914502
6350. 0.23914207483264
6352. 0.2391504645367
6354. 0.23915887824476
6356. 0.23916511314218
6358. 0.23917357474309
6360. 0.23918206031062
6362. 0.23918836681597
6364. 0.23919469712635
6366. 0.23920105122877
6368. 0.23920742911027
6370. 0.23921383075793
6372. 0.23922025615882
6374. 0.23922670530005
6376. 0.23923317816875
6378. 0.23923747128336
6380. 0.23924399150837
6382. 0.23924833185339
6384. 0.23925489938256
6386. 0.23925928690505
6388. 0.23926369797615
6390. 0.23926813258248
6392. 0.23927259071065
6394. 0.23927707234732
6396. 0.23928157747915
6398. 0.23928390219649
6400. 0.23928845423678
6402. 0.23929082577203
6404. 0.23929542466682
6406. 0.23929784296522
6408. 0.2393024886607
6410. 0.23930495366767
6412. 0.23930744199704
6414. 0.23931215777128
6416. 0.23931248856777
6418. 0.23931504678159
6420. 0.23931762826271
6422. 0.2393202329974
6424. 0.2393206567371
6426. 0.23932330791343
6428. 0.23932377803846
6430. 0.2393264756009
6432. 0.23932699205495
6434. 0.23932753164997
6436. 0.23932809437172
6438. 0.23933088451477
6440. 0.23933149345301
6442. 0.23933212547564
6444. 0.23933278056852
6446. 0.23933125438504
6448. 0.23933195556958
6450. 0.23933267978182
6452. 0.23933122267553
6454. 0.23933199289391
6456. 0.23933058177137
6458. 0.23933139793892
6460. 0.23933003274239
6462. 0.23932869049346
6464. 0.23932737117753
6466. 0.23932607478005
6468. 0.23932700555951
6470. 0.23932355068228
6472. 0.23932232295295
6474. 0.23932111808402
6476. 0.23931993606102
6478. 0.2393187768695
6480. 0.23931543630826
6482. 0.23931432274672
6484. 0.23931102782706
6486. 0.23930995983712
6488. 0.23930671049991
6490. 0.23930348394665
6492. 0.23930028016242
6494. 0.23929930315018
6496. 0.23929614483018
6498. 0.23929300923474
6500. 0.23928989634899
6502. 0.23928680615812
6504. 0.23928153477277
6506. 0.23927848995525
6508. 0.23927546778801
6510. 0.23927026448557
6512. 0.23926728760207
6514. 0.23926433332445
6516. 0.2392591979692
6518. 0.23925628888606
6520. 0.23925119876944
6522. 0.23924613127289
6524. 0.23924328988314
6526. 0.23923826753477
6528. 0.23923326776102
6530. 0.23922829054672
6532. 0.23922333587671
6534. 0.23921840373585
6536. 0.23921349410903
6538. 0.23920860698115
6540. 0.23920153919939
6542. 0.23919669706879
6544. 0.23919187739175
6546. 0.23918708015327
6548. 0.23918010239804
6550. 0.23917535003546
6552. 0.23916841723363
6554. 0.23916370968631
6556. 0.23915682177648
6558. 0.23915215898393
6560. 0.23914531590486
6562. 0.23913849524967
6564. 0.2391316970029
6566. 0.23912492114913
6568. 0.23912037004279
6570. 0.23911363886677
6572. 0.23910693003778
6574. 0.23910024354044
6576. 0.23909357935943
6578. 0.23908693747944
6580. 0.23908031788516
6582. 0.23907151862112
6584. 0.23906494361304
6586. 0.23905839084471
6588. 0.23905186030091
6590. 0.23904315028755
6592. 0.23903666420701
6594. 0.23902799876591
6596. 0.23902155708719
6598. 0.2390129361562
6600. 0.23900653881802
6602. 0.23899796233511
6604. 0.23898940809243
6606. 0.23898307717968
6608. 0.23897456729215
6610. 0.23896828056725
6612. 0.23895981497327
6614. 0.23895137154189
6616. 0.23894295025757
6618. 0.23893455110477
6620. 0.23892617406799
6622. 0.23891781913173
6624. 0.23890948628054
6626. 0.23890117549896
6628. 0.23889288677157
6630. 0.23888462008295
6632. 0.23887637541773
6634. 0.23886815276052
6636. 0.23885775212466
6638. 0.23884957351279
6640. 0.23884141686275
6642. 0.23883328215926
6644. 0.23882296973606
6646. 0.23881487895437
6648. 0.2388046105914
6650. 0.23879656366979
6652. 0.23878853861816
6654. 0.23877833618146
6656. 0.23877035489782
6658. 0.23876019636569
6660. 0.23875225878868
6662. 0.23874214409904
6664. 0.23873425016749
6666. 0.23872417925845
6668. 0.23871413026282
6670. 0.23870630172114
6672. 0.23869629641333
6674. 0.23868631297232
6676. 0.23867854968313
6678. 0.23866860983753
6680. 0.23866088995022
6682. 0.23865099363875
6684. 0.23864111911688
6686. 0.23863126636915
6688. 0.23862143538012
6690. 0.23861162613436
6692. 0.23860403623074
6694. 0.23859207281107
6696. 0.23858452613737
6698. 0.23857260627628
6700. 0.2385651027719
6702. 0.23855542357384
6704. 0.23854576601183
6706. 0.2385361300706
6708. 0.2385265157349
6710. 0.23851692298951
6712. 0.23850735181922
6714. 0.23849780220882
6716. 0.23848827414316
6718. 0.23847876760707
6720. 0.23846928258542
6722. 0.23845981906311
6724. 0.238448180826
6726. 0.23843876034383
6728. 0.23842936131556
6730. 0.23841998372614
6732. 0.23841062756057
6734. 0.23840129280383
6736. 0.23839197944094
6738. 0.23838268745695
6740. 0.2383734168369
6742. 0.23836197216087
6744. 0.23835274430894
6746. 0.23834353777605
6748. 0.23833435254731
6750. 0.23832299356188
6752. 0.23831385098113
6754. 0.23830472965985
6756. 0.23829562958323
6758. 0.23828655073651
6760. 0.23827749310493
6762. 0.23826626215027
6764. 0.23825724698779
6766. 0.23824825299609
6768. 0.23823928016049
6770. 0.23823032846631
6772. 0.23821920380886
6774. 0.23821029443568
6776. 0.23820140615985
6778. 0.23819253896677
6780. 0.2381814990991
6782. 0.23817267410911
6784. 0.23816387015803
6786. 0.23815508723132
6788. 0.23814632531448
6790. 0.23813539107494
6792. 0.23812667121474
6794. 0.23811797232084
6796. 0.23810929437879
6798. 0.2381006373742
6800. 0.23809200129267
6802. 0.23808338611983
6804. 0.23807259910154
6806. 0.23806402578198
6808. 0.23805547332789
6810. 0.23804694172499
6812. 0.23803843095897
6814. 0.23802994101558
6816. 0.23802147188056
6818. 0.23801083136882
6820. 0.23800459597875
6822. 0.23799618918354
6824. 0.23798561120132
6826. 0.23797943783364
6828. 0.23796890146598
6830. 0.23796057766877
6832. 0.23795446619794
6834. 0.23794399214477
6836. 0.23793792186897
6838. 0.23792968069072
6840. 0.23792146015124
6842. 0.23791326023651
6844. 0.23790508093252
6846. 0.23789692222529
6848. 0.23788878410085
6850. 0.23788066654526
6852. 0.23787476044199
6854. 0.23786668390791
6856. 0.23785862790111
6858. 0.23785059240772
6860. 0.23784476803504
6862. 0.23783677345325
6864. 0.2378287993435
6866. 0.237820845692
6868. 0.23781510283289
6870. 0.23780718998362
6872. 0.23779929755143
6874. 0.23779361567264
6876. 0.23778795405902
6878. 0.23778012265145
6880. 0.23777231160648
6882. 0.23776671081267
6884. 0.23776113023115
6886. 0.23775338004919
6888. 0.23774783990405
6890. 0.2377401302542
6892. 0.23773463049248
6894. 0.23772915087743
6896. 0.23772150189002
6898. 0.23771606257941
6900. 0.23771064337634
6902. 0.23770305493171
6904. 0.2376976759544
6906. 0.23769231704561
6908. 0.23768697819247
6910. 0.23768165938206
6912. 0.23767636060154
6914. 0.23767108183803
6916. 0.23766582307871
6918. 0.23766058431074
6920. 0.23765536552133
6922. 0.23765016669767
6924. 0.23764717662831
6926. 0.23764201765035
6928. 0.23763687860006
6930. 0.23763394814418
6932. 0.2376288488641
6934. 0.23762376947374
6936. 0.23761870996041
6938. 0.23761585882432
6940. 0.23761083898086
6942. 0.23760802741741
6944. 0.23760523560904
6946. 0.23760027515421
6948. 0.2375975228452
6950. 0.23759260193616
6952. 0.23758988907768
6954. 0.2375871959138
6956. 0.23758452243254
6958. 0.23757968042214
6960. 0.23757923447005
6962. 0.23757443181347
6964. 0.23757183696711
6966. 0.23756926174352
6968. 0.23756670613082
6970. 0.23756417011714
6972. 0.23756384172438
6974. 0.23756134485018
6976. 0.23755886753965
6978. 0.23755640978097
6980. 0.23755615952536
6982. 0.23755374081274
6984. 0.2375535295556
6986. 0.23755114984268
6988. 0.23755097753843
6990. 0.23754863677899
6992. 0.23754850338217
6994. 0.23754838942153
6996. 0.23754610699535
6998. 0.23754603187435
7000. 0.23754597615597
7002. 0.2375459398291
7004. 0.23754592288267
7006. 0.2375459253056
7008. 0.23754594708684
7010. 0.23754598821534
7012. 0.23754604868007
7014. 0.2375483163608
7016. 0.23754841546589
7018. 0.2375485338744
7020. 0.23755085948954
7022. 0.23755101647342
7024. 0.23755119272802
7026. 0.23755357618162
7028. 0.23755379094685
7030. 0.23755621291373
7032. 0.23755646614671
7034. 0.23755892658474
7036. 0.237561406254
7038. 0.23756171710983
7040. 0.23756423518742
7042. 0.23756677246516
7044. 0.23756932893277
7046. 0.23756971647196
7048. 0.23757231126464
7050. 0.23757492521627
7052. 0.23757755831663
7054. 0.23758021055551
7056. 0.23758288192272
7058. 0.23758557240807
7060. 0.23758828200141
7062. 0.23759101069256
7064. 0.23759375847141
7066. 0.2375965253278
7068. 0.23759931125164
7070. 0.23760211623282
7072. 0.23760494026124
7074. 0.23760778332685
7076. 0.23761064541957
7078. 0.23761352652936
7080. 0.23761642664618
7082. 0.23761934576001
7084. 0.23762228386084
7086. 0.2376274295581
7088. 0.23763040563036
7090. 0.23763340065985
7092. 0.23763641463661
7094. 0.23763944755069
7096. 0.23764249939217
7098. 0.23764775895779
7100. 0.23765084865277
7102. 0.23765395724561
7104. 0.23765708472642
7106. 0.23766023108534
7108. 0.23766339631251
7110. 0.23766658039809
7112. 0.23767197236195
7114. 0.23767519416456
7116. 0.23767843479632
7118. 0.23768169424743
7120. 0.23768497250813
7122. 0.23768826956863
7124. 0.2376915854192
7126. 0.23769492005009
7128. 0.23769827345158
7130. 0.23770164561395
7132. 0.23770503652752
7134. 0.23770844618258
7136. 0.23771187456946
7138. 0.23771532167851
7140. 0.23771659803921
7142. 0.23772008253156
7144. 0.23772358571698
7146. 0.23772710758587
7148. 0.23773064812863
7150. 0.23773201773278
7152. 0.23773559556158
7154. 0.23773700238655
7156. 0.23774061746245
7158. 0.23774425116407
7160. 0.23774571375285
7162. 0.23774938464353
7164. 0.23775088435457
7166. 0.23775459239564
7168. 0.23775612918962
7170. 0.23775987434249
7172. 0.23776144818021
7174. 0.23776304051779
7176. 0.23776465134529
7178. 0.23776847057124
7180. 0.23777011836401
7182. 0.23776959466815
7184. 0.23777127935623
7186. 0.23777517246492
7188. 0.23777689403986
7190. 0.23777644402362
7192. 0.23777820241431
7194. 0.23777997920606
7196. 0.23778177438907
7198. 0.23778139789584
7200. 0.2377832298151
7202. 0.23778289002464
7204. 0.23778475864039
7206. 0.23778445551232
7208. 0.23778636078489
7210. 0.23778609427892
7212. 0.23778584607006
7214. 0.23778561614812
7216. 0.23778540450289
7218. 0.23778521112419
7220. 0.23778503600188
7222. 0.23778487912578
7224. 0.23778474048576
7226. 0.23778462007169
7228. 0.2377823278072
7230. 0.23778224381547
7232. 0.23777998797451
7234. 0.23777775034
7236. 0.23777772090502
7238. 0.23777551963144
7240. 0.2377733365328
7242. 0.2377733615621
7244. 0.23776902481828
7246. 0.23776689618137
7248. 0.23776478567737
7250. 0.2377626932958
7252. 0.23775842918006
7254. 0.23775637303092
7256. 0.23775433497269
7258. 0.23775012522528
7260. 0.23774593360498
7262. 0.2377417601009
7264. 0.23773979435648
7266. 0.23773346739783
7268. 0.23772934817711
7270. 0.23772524702914
7272. 0.23772116394306
7274. 0.23771490946276
7276. 0.23771086250531
7278. 0.23770464422641
7280. 0.23769844406007
7282. 0.23769226199505
7284. 0.23768828720001
7286. 0.23768214124722
7288. 0.23767382429528
7290. 0.23766771452302
7292. 0.23766162279592
7294. 0.23765336022436
7296. 0.23764730460978
7298. 0.23763907825978
7300. 0.23763087004113
7302. 0.23762267994218
7304. 0.23761450795133
7306. 0.23760635405695
7308. 0.23759821824745
7310. 0.23758791223564
7312. 0.23757981263577
7314. 0.23756954297949
7316. 0.23755929153035
7318. 0.23754905827635
7320. 0.23753884320545
7322. 0.23752864630566
7324. 0.237518467565
7326. 0.2375061194492
7328. 0.23749597708429
7330. 0.23748366552698
7332. 0.23747137228712
7334. 0.23745909735228
7336. 0.23744684071006
7338. 0.23743460234807
7340. 0.23742019552304
7342. 0.23740799379675
7344. 0.23739362382728
7346. 0.23738145868662
7348. 0.23736712552201
7350. 0.23735062471667
7352. 0.23733632856968
7354. 0.23732205084631
7356. 0.23730560585832
7358. 0.23728917955087
7360. 0.23727495728377
7362. 0.23725856814671
7364. 0.23724001257932
7366. 0.23722366086164
7368. 0.23720732775838
7370. 0.23718882865645
7372. 0.23717034846289
7374. 0.23715188716402
7376. 0.23713344474619
7378. 0.23711502119577
7380. 0.23709661649913
7382. 0.23707604708151
7384. 0.23705549684892
7386. 0.23703496578723
7388. 0.23701445388237
7390. 0.23699396112026
7392. 0.23697348748685
7394. 0.23695085056006
7396. 0.23693041533014
7398. 0.23690781717499
7400. 0.2368852384881
7402. 0.23686049767911
7404. 0.23683795809284
7406. 0.23681325679042
7408. 0.2367885753327
7410. 0.2367639137047
7412. 0.23674145235074
7414. 0.23671464987793
7416. 0.23668786766342
7418. 0.2366632854311
7420. 0.23663654344045
7422. 0.2366098216619
7424. 0.23658312008001
7426. 0.2365542599241
7428. 0.23652542044524
7430. 0.2364987798517
7432. 0.23646998141388
7434. 0.23643902591158
7436. 0.23641026898166
7438. 0.2363793555049
7440. 0.23635064001863
7442. 0.23631976850247
7444. 0.23628891808435
7446. 0.23625591274052
7448. 0.23622510475316
7450. 0.23619214239453
7452. 0.23615920165511
7454. 0.23612628251802
7456. 0.23609121047594
7458. 0.23605833479567
7460. 0.23602330680194
7462. 0.23598830096774
7464. 0.23595331727566
7466. 0.23591618282997
7468. 0.2358812436918
7470. 0.2358441544285
7472. 0.23580491604693
7474. 0.23576787257741
7476. 0.2357308518071
7478. 0.23569168290749
7480. 0.23565253737242
7482. 0.2356134151834
7484. 0.23557431632195
7486. 0.23553307141989
7488. 0.23549185054785
7490. 0.23545065368679
7492. 0.23540948081765
7494. 0.23536833192141
7496. 0.23532503954537
7498. 0.23528177188131
7500. 0.23523852890958
7502. 0.23519314439169
7504. 0.23514778534253
7506. 0.23510461712541
7508. 0.23505714356936
7510. 0.23501186080489
7512. 0.23496660342822
7514. 0.23491920772335
7516. 0.23486967497899
7518. 0.23482233208957
7520. 0.23477501535835
7522. 0.23472556285227
7524. 0.23467613735335
7526. 0.23462673884013
7528. 0.23457520676367
7530. 0.23452370255884
7532. 0.23447222620345
7534. 0.23442077767534
7536. 0.23436935695239
7538. 0.23431580587422
7540. 0.23426228352306
7542. 0.23420878987606
7544. 0.23415316827011
7546. 0.2340975763269
7548. 0.23404201402285
7550. 0.23398648133443
7552. 0.23392882366409
7554. 0.23387335064728
7556. 0.23381360012998
7558. 0.23375603421762
7560. 0.23369634640991
7562. 0.23363884207787
7564. 0.23357706554638
7566. 0.23351747244047
7568. 0.23345791085178
7570. 0.23339623108669
7572. 0.23333243482364
7574. 0.23327082076639
7576. 0.23320709131373
7578. 0.23314339552005
7580. 0.2330797333587
7582. 0.23301395865531
7584. 0.23294821872226
7586. 0.23288251353205
7588. 0.23281684305721
7590. 0.23274906356233
7592. 0.23268131995611
7594. 0.23261361221019
7596. 0.23254379847884
7598. 0.23247402181677
7600. 0.23240428219472
7602. 0.23233457958343
7604. 0.23226277472462
7606. 0.23219100812048
7608. 0.23211927974081
7610. 0.232045452328
7612. 0.23197166441893
7614. 0.23189791598243
7616. 0.23182420698735
7618. 0.2317484029111
7620. 0.23167263959007
7622. 0.23159691699211
7624. 0.23151910270555
7626. 0.23144133049087
7628. 0.23136360031489
7630. 0.23128378193228
7632. 0.231204006972
7634. 0.23112427539979
7636. 0.23104458718143
7638. 0.23096281502678
7640. 0.23088108764354
7642. 0.23079727926507
7644. 0.23071564207057
7646. 0.23063192533287
7648. 0.23054613132864
7650. 0.23046250762791
7652. 0.23037680814692
7654. 0.23028903521599
7656. 0.23020343168627
7658. 0.23011575622694
7660. 0.23002601122168
7662. 0.2299384346935
7664. 0.22984879017359
7666. 0.22975919624944
7668. 0.22966753755505
7670. 0.22957593104427
7672. 0.22948437667571
7674. 0.22939287440799
7676. 0.22929931226534
7678. 0.22920369279022
7680. 0.22911023890816
7682. 0.2290147293482
7684. 0.22891927511996
7686. 0.2288217686433
7688. 0.22872642582448
7690. 0.2286290324439
7692. 0.22852959114714
7694. 0.22843231247475
7696. 0.22833298760562
7698. 0.22823161923726
7700. 0.22813241243765
7702. 0.22803116389082
7704. 0.22792997564891
7706. 0.22782674929196
7708. 0.22772358502427
7710. 0.22762048279587
7712. 0.22751744255685
7714. 0.22741236970237
7716. 0.22730736065266
7718. 0.22720032275429
7720. 0.22709544212568
7722. 0.22698853449566
7724. 0.22687960276504
7726. 0.2267728271602
7728. 0.22666402933362
7730. 0.2265552988785
7732. 0.22644455009913
7734. 0.22633595522302
7736. 0.22622534393173
7738. 0.22611271922511
7740. 0.22600224723367
7742. 0.22588976376707
7744. 0.22577735135181
7746. 0.22566293148778
7748. 0.2255485846461
7750. 0.22543431076677
7752. 0.22532010978985
7754. 0.22520390744128
7756. 0.2250877799955
7758. 0.22497172739071
7760. 0.22485574956519
7762. 0.22473777653634
7764. 0.22461988031618
7766. 0.2245020608411
7768. 0.22438225140112
7770. 0.22426252076567
7772. 0.22414286886919
7774. 0.22402329564619
7776. 0.22390380103123
7778. 0.22378026273621
7780. 0.22365886735579
7782. 0.22353755260184
7784. 0.22341426067614
7786. 0.22329105149295
7788. 0.22316792498279
7790. 0.22304282676647
7792. 0.22291986652681
7794. 0.22279493672483
7796. 0.22266804074097
7798. 0.22254328136869
7800. 0.22241655798728
7802. 0.222289921381
7804. 0.22216337147632
7806. 0.22203486317369
7808. 0.22190644377256
7810. 0.22177811319721
7812. 0.22164987137197
7814. 0.22151967794026
7816. 0.22138957548541
7818. 0.22125956392953
7820. 0.22112964319482
7822. 0.22099777772943
7824. 0.22086600533843
7826. 0.22073432594175
7828. 0.22060273945936
7830. 0.22046921520548
7832. 0.22033781552222
7834. 0.22020448034532
7836. 0.22007124019838
7838. 0.21993606930381
7840. 0.21980099574445
7842. 0.21966601943561
7844. 0.21953114029274
7846. 0.21939433752553
7848. 0.21925965370174
7850. 0.21912304858269
7852. 0.21898654278731
7854. 0.21884812055381
7856. 0.21871181440079
7858. 0.21857158103592
7860. 0.21843547542863
7862. 0.21829544752128
7864. 0.21815753279216
7866. 0.21801771126988
7868. 0.21787799344728
7870. 0.21773837923269
7872. 0.21759686438414
7874. 0.21745745839495
7876. 0.21731615417344
7878. 0.21717495577584
7880. 0.2170338631081
7882. 0.21689087842824
7884. 0.21674800190391
7886. 0.21660523343839
7888. 0.21646257293508
7890. 0.21632002029746
7892. 0.21617558436927
7894. 0.21603324848492
7896. 0.21588704335345
7898. 0.21574293806752
7900. 0.21559894279756
7902. 0.2154530730394
7904. 0.21530731576624
7906. 0.21516167087634
7908. 0.21501613826806
7910. 0.2148707178399
7912. 0.21472343180542
7914. 0.21457626044115
7916. 0.21442920364276
7918. 0.21428226130604
7920. 0.21413346107575
7922. 0.21398674870147
7924. 0.21383818094437
7926. 0.21368972994863
7928. 0.21354139560744
7930. 0.21339121239932
7932. 0.21324311241124
7934. 0.2130931660872
7936. 0.21294333873234
7938. 0.21279363023715
7940. 0.21264404049227
7942. 0.21249261225013
7944. 0.21234130530907
7946. 0.21219011955675
7948. 0.21203905488098
7950. 0.21188811116965
7952. 0.2117353381473
7954. 0.21158463741711
7956. 0.21143210994408
7958. 0.21127970577673
7960. 0.21112742480024
7962. 0.21097526689988
7964. 0.21082129021629
7966. 0.21066937952372
7968. 0.21051565263301
7970. 0.21036011367415
7972. 0.21020857502112
7974. 0.21005328939384
7976. 0.20990006492587
7978. 0.20974503358444
7980. 0.20959012992027
7982. 0.20943535381299
7984. 0.20928070514238
7986. 0.20912425767391
7988. 0.20896986493854
7990. 0.20881367602493
7992. 0.20865953874082
7994. 0.20850168751352
7996. 0.20834588766966
7998. 0.20819021726986
8000. 0.20803276013008
8002. 0.20787734968187
8004. 0.2077201551267
8006. 0.20756309240006
8008. 0.20740616137617
8010. 0.20724936192943
8012. 0.20709078654895
8014. 0.20693425132197
8016. 0.20677594280933
8018. 0.20661776826773
8020. 0.20646162914171
8022. 0.20630182058347
8024. 0.20614404718408
8026. 0.20598640724228
8028. 0.20582700488454
8030. 0.20566773864487
8032. 0.20551050120477
8034. 0.20535150534266
8036. 0.20519264520597
8038. 0.20503203224022
8040. 0.20487344462219
8042. 0.20471310684969
8044. 0.20455479122246
8046. 0.20439472811094
8048. 0.20423480286714
8050. 0.20407501535718
8052. 0.20391536544732
8054. 0.20375585300395
8056. 0.20359647789363
8058. 0.20343536626548
8060. 0.20327439465191
8062. 0.20311356291611
8064. 0.20295474019502
8066. 0.20279231853126
8068. 0.20263190560935
8070. 0.20247163201943
8072. 0.20231149762547
8074. 0.20214964041598
8076. 0.20198978547867
8078. 0.2018282104137
8080. 0.20166677695731
8082. 0.20150548497034
8084. 0.20134433431378
8086. 0.20118332484878
8088. 0.20102245643665
8090. 0.20085987894247
8092. 0.20069929369966
8094. 0.20053700207071
8096. 0.20037485391001
8098. 0.20021284907572
8100. 0.20005098742616
8102. 0.1998911098765
8104. 0.19972769311533
8106. 0.19956626017151
8108. 0.19940496984732
8110. 0.19924198690691
8112. 0.1990809828824
8114. 0.19891828894047
8116. 0.19875574003171
8118. 0.19859516513255
8120. 0.19843290436321
8122. 0.19827078819624
8124. 0.19810699184671
8126. 0.19794516594398
8128. 0.19778348421164
8130. 0.19762012634943
8132. 0.19745873401481
8134. 0.19729566825142
8136. 0.19713456473759
8138. 0.19697179049139
8140. 0.19680916253501
8142. 0.1966466807222
8144. 0.19648434490687
8146. 0.1963221549431
8148. 0.19616191739483
8150. 0.19599821198737
8152. 0.19583645870438
8154. 0.19567485069091
8156. 0.19551158706531
8158. 0.19535027064153
8160. 0.19518730130137
8162. 0.19502447963275
8164. 0.19486180548718
8166. 0.19470107197126
8168. 0.19453869093148
8170. 0.1943764569717
8172. 0.19421436994412
8174. 0.1940524297011
8176. 0.19389063609519
8178. 0.19372720467736
8180. 0.19356570539138
8182. 0.19340435229976
8184. 0.1932431452557
8186. 0.19308030576906
8188. 0.19291939186249
8190. 0.1927568481984
8192. 0.19259445297013
8194. 0.19243220602766
8196. 0.19227187810242
8198. 0.19210992579054
8200. 0.19194812131679
8202. 0.19178646453184
8204. 0.19162495528651
8206. 0.19146359343182
8208. 0.19130237881893
8210. 0.19114131129919
8212. 0.19098039072412
8214. 0.19081961694539
8216. 0.19065898981485
8218. 0.1904967546365
8220. 0.19033642183531
8222. 0.19017448365774
8224. 0.19001444458992
8226. 0.18985455142939
8228. 0.18969305688334
8230. 0.18953345656613
8232. 0.18937225752297
8234. 0.18921294945648
8236. 0.18905204531889
8238. 0.18889128915083
8240. 0.18873241908393
8242. 0.18857195692666
8244. 0.18841164229026
8246. 0.18825147502506
8248. 0.18809145498157
8250. 0.18793331293228
8252. 0.18777358541328
8254. 0.18761400466989
8256. 0.18745457055328
8258. 0.18729528291482
8260. 0.18713614160604
8262. 0.18697714647862
8264. 0.18681829738443
8266. 0.18665959417551
8268. 0.18650103670406
8270. 0.18634262482243
8272. 0.18618435838319
8274. 0.18602623723902
8276. 0.18586826124281
8278. 0.18571043024759
8280. 0.18555103511052
8282. 0.18539349512809
8284. 0.18523609970545
8286. 0.18507884869632
8288. 0.18492174195456
8290. 0.18476307759557
8292. 0.18460626039522
8294. 0.18444958702356
8296. 0.18429305733513
8298. 0.18413667118463
8300. 0.18398042842694
8302. 0.18382263584026
8304. 0.18366668086988
8306. 0.1835108688566
8308. 0.18335519965595
8310. 0.18319967312363
8312. 0.18304428911551
8314. 0.18288736302498
8316. 0.182732265062
8318. 0.18257730919046
8320. 0.18242249526689
8322. 0.18226782314797
8324. 0.18211329269053
8326. 0.18195890375158
8328. 0.18180465618829
8330. 0.18164887680229
8332. 0.18149491298053
8334. 0.18134109010559
8336. 0.18118740803529
8338. 0.18103386662762
8340. 0.18088046574069
8342. 0.18072720523282
8344. 0.18057408496246
8346. 0.18042110478823
8348. 0.1802682645689
8350. 0.18011556416341
8352. 0.17996300343088
8354. 0.17981058223054
8356. 0.17965995514353
8358. 0.1795078111847
8360. 0.17935580633809
8362. 0.17920394046357
8364. 0.1790522134212
8366. 0.17890062507119
8368. 0.17874917527391
8370. 0.17859786388988
8372. 0.17844669077979
8374. 0.17829565580447
8376. 0.17814639960634
8378. 0.17799563909516
8380. 0.17784501630349
8382. 0.17769453109279
8384. 0.17754581857458
8386. 0.17739560672735
8388. 0.1772455320477
8390. 0.17709559439771
8392. 0.17694579363963
8394. 0.17679775799588
8396. 0.17664822923177
8398. 0.17649883694849
8400. 0.17634958100891
8402. 0.17620046127605
8404. 0.17605309911457
8406. 0.17590425001388
8408. 0.17575553671114
8410. 0.17560695906999
8412. 0.17545851695422
8414. 0.17531021022776
8416. 0.17516365206415
8418. 0.1750156143453
8420. 0.17486771160977
8422. 0.17472155295965
8424. 0.17457391842479
8426. 0.17442641846858
8428. 0.17427905295605
8430. 0.17413182175235
8432. 0.1739847247228
8434. 0.17383776173285
8436. 0.17369093264813
8438. 0.17354583574326
8440. 0.17339927271654
8442. 0.17325284319404
8444. 0.17310654704195
8446. 0.17296038412665
8448. 0.17281435431466
8450. 0.17266845747264
8452. 0.17252269346742
8454. 0.17237706216595
8456. 0.17223156343536
8458. 0.17208619714291
8460. 0.17194096315602
8462. 0.17179586134224
8464. 0.1716508915693
8466. 0.17150605370504
8468. 0.1713613476175
8470. 0.1712167731748
8472. 0.17107233024527
8474. 0.17092644439938
8476. 0.17078226542962
8478. 0.17063821757762
8480. 0.17049430071228
8482. 0.17035051470262
8484. 0.17020529176196
8486. 0.17006176839331
8488. 0.16991837548716
8490. 0.16977511291314
8492. 0.16963198054103
8494. 0.16948741719675
8496. 0.16934454615426
8498. 0.16920024652363
8500. 0.16905763628681
8502. 0.16891515560058
8504. 0.16877124988775
8506. 0.16862902922468
8508. 0.16848538590848
8510. 0.16834187425446
8512. 0.16820004330277
8514. 0.16805679325676
8516. 0.1679152210267
8518. 0.16777223206526
8520. 0.16762937410804
8522. 0.16748818963955
8524. 0.16734559198269
8526. 0.16720312493682
8528. 0.16706078837075
8530. 0.16691858215344
8532. 0.166776506154
8534. 0.16663609500976
8536. 0.16649427774779
8538. 0.16635105815616
8540. 0.16621103257533
8542. 0.16606960440438
8544. 0.16592677742107
8546. 0.16578560929402
8548. 0.16564609599287
8550. 0.16550366043834
8552. 0.16536287945069
8554. 0.16522222725074
8556. 0.16508018325767
8558. 0.16493978953892
8560. 0.16479952421969
8562. 0.16465787060926
8564. 0.16451786299261
8566. 0.16437646941842
8568. 0.16423520631684
8570. 0.16409558492542
8572. 0.16395458107545
8574. 0.1638152160916
8576. 0.16367447097241
8578. 0.16353385567123
8580. 0.16339337005709
8582. 0.16325301399918
8584. 0.16311278736684
8586. 0.16297269002954
8588. 0.16283422160861
8590. 0.16269438118245
8592. 0.16255317248491
8594. 0.16241359102553
8596. 0.16227413821079
8598. 0.16213481391105
8600. 0.16199561799682
8602. 0.16185505959168
8604. 0.16171612134023
8606. 0.1615758229103
8608. 0.16143714180065
8610. 0.16129710282079
8612. 0.16115867833314
8614. 0.16101889827938
8616. 0.16087924813566
8618. 0.16074120824467
8620. 0.16060181624213
8622. 0.16046255375604
8624. 0.16032342065511
8626. 0.16018441680819
8628. 0.16004554208428
8630. 0.15990679635253
8632. 0.15976817948221
8634. 0.15962969134278
8636. 0.15948986284114
8638. 0.15935163304553
8640. 0.15921353158883
8642. 0.15907409320776
8644. 0.15893624930869
8646. 0.15879707077605
8648. 0.15865802261004
8650. 0.15852056469933
8652. 0.15838177558958
8654. 0.15824311644925
8656. 0.15810458714585
8658. 0.15796618754701
8660. 0.15782791752053
8662. 0.15768977693438
8664. 0.15755176565663
8666. 0.15741388355554
8668. 0.1572761304995
8670. 0.1571370590646
8672. 0.15699956497081
8674. 0.15686219952696
8676. 0.15672351911844
8678. 0.15658496963689
8680. 0.15644655094801
8682. 0.1563097025766
8684. 0.15617154379832
8686. 0.15603351541194
8688. 0.15589561728378
8690. 0.1557578492803
8692. 0.15562021126812
8694. 0.15548270311401
8696. 0.15534389390815
8698. 0.15520664633518
8700. 0.15506952822028
8702. 0.15493111245598
8704. 0.15479425412002
8706. 0.15465610040164
8708. 0.15451807813989
8710. 0.15438160909978
8712. 0.15424242744399
8714. 0.15410621810325
8716. 0.153968719047
8718. 0.15383135077203
8720. 0.15369269757492
8722. 0.1535555917209
8724. 0.15341861624288
8726. 0.15328035923566
8728. 0.15314364536576
8730. 0.15300565222731
8732. 0.1528691994244
8734. 0.15273146960935
8736. 0.15259387188555
8738. 0.1524564061159
8740. 0.15231907216349
8742. 0.15218186989153
8744. 0.15204479916341
8746. 0.15190646072602
8748. 0.15176965393639
8750. 0.15163297828048
8752. 0.15149503829499
8754. 0.1513586257551
8756. 0.15122095113736
8758. 0.15108340962989
8760. 0.15094600109368
8762. 0.15080872538989
8764. 0.15067158237982
8766. 0.15053457192493
8768. 0.15039769388686
8770. 0.15025956417929
8772. 0.1501229518186
8774. 0.14998509003925
8776. 0.14984874279949
8778. 0.14971114838764
8780. 0.14957368808269
8782. 0.14943636174371
8784. 0.14929916922993
8786. 0.14916211040075
8788. 0.14902518511572
8790. 0.14888839323456
8792. 0.14875036456934
8794. 0.14861384033315
8796. 0.14847744907971
8798. 0.14833982440284
8800. 0.14820233494969
8802. 0.14806498057727
8804. 0.14792776114272
8806. 0.14779067650336
8808. 0.14765372651667
8810. 0.1475155523656
8812. 0.14737887251623
8814. 0.14724097074604
8816. 0.14710456046095
8818. 0.14696693049426
8820. 0.14682943684641
8822. 0.1466920793723
8824. 0.14655485792702
8826. 0.1464177723658
8828. 0.14628082254406
8830. 0.14614400831738
8832. 0.14600598477049
8834. 0.14586944255894
8836. 0.14573169326427
8838. 0.14559408150997
8840. 0.14545660714871
8842. 0.1453192700333
8844. 0.14518207001675
8846. 0.14504500695224
8848. 0.14490808069311
8850. 0.14476995770613
8852. 0.14463330587708
8854. 0.14449545955472
8856. 0.144357751976
8858. 0.14422018299132
8860. 0.14408275245126
8862. 0.14394546020659
8864. 0.14380830610822
8866. 0.14367129000727
8868. 0.14353308976032
8870. 0.14339635046763
8872. 0.14325842926049
8874. 0.14312064798155
8876. 0.14298300647898
8878. 0.14284550460109
8880. 0.1427081421964
8882. 0.14256960599295
8884. 0.14243252334347
8886. 0.1422955797125
8888. 0.14215746562459
8890. 0.14201949278332
8892. 0.14188166103442
8894. 0.14174397022377
8896. 0.14160642019746
8898. 0.14146901080175
8900. 0.14133174188308
8902. 0.14119331284361
8904. 0.14105502650999
8906. 0.1409168827253
8908. 0.14078017796019
8910. 0.14064102217597
8912. 0.14050330509843
8914. 0.14036572994402
8916. 0.14022700501237
8918. 0.14008971450095
8920. 0.13995127643913
8922. 0.13981298221194
8924. 0.1396748316602
8926. 0.13953682462492
8928. 0.13939896094731
8930. 0.13926124046876
8932. 0.13912238166046
8934. 0.13898494837078
8936. 0.13884637897586
8938. 0.13870795468427
8940. 0.13856967533437
8942. 0.13843154076474
8944. 0.13829355081413
8946. 0.13815443286629
8948. 0.13801673293904
8950. 0.13787790723862
8952. 0.13773922805576
8954. 0.13760069522618
8956. 0.13746230858579
8958. 0.13732406797071
8960. 0.13718470969356
8962. 0.13704676190877
8964. 0.13690769868518
8966. 0.13677004307216
8968. 0.13663127423897
8970. 0.13649265299118
8972. 0.13635292329963
8974. 0.13621459799725
8976. 0.1360764197799
8978. 0.13593713644859
8980. 0.13579800242207
8982. 0.13565901753074
8984. 0.13552018160519
8986. 0.1353814944762
8988. 0.13524171034687
8990. 0.13510332157886
8992. 0.13496383803108
8994. 0.13482450515893
8996. 0.13468532279013
8998. 0.13454629075259
9000. 0.13440740887444
