 WAVE                EFF
----- ------------------
3000. 1.1677999800646E-6
3002. 1.2514428758406E-6
3004. 1.3406326432686E-6
3006. 1.4357298901851E-6
3008. 1.5370779281287E-6
3010. 1.6450504549295E-6
3012. 1.7600408618405E-6
3014. 1.8824804309113E-6
3016. 2.0128081442814E-6
3018. 2.1514857937392E-6
3020. 2.2989777879527E-6
3022. 2.4558127976633E-6
3024. 2.6225267781546E-6
3026. 2.7996825765598E-6
3028. 2.9878710296923E-6
3030. 3.1877414510386E-6
3032. 3.3999186145937E-6
3034. 3.6250845619959E-6
3036. 3.8639540307608E-6
3038. 4.1173515399577E-6
3040. 4.3859950238632E-6
3042. 4.6707487742794E-6
3044. 4.9724344895292E-6
3046. 5.2920485427925E-6
3048. 5.6304973130007E-6
3050. 5.9887733735408E-6
3052. 6.3679139912928E-6
3054. 6.7690650166347E-6
3056. 7.1933032328185E-6
3058. 7.6418100284573E-6
3060. 8.1159673595814E-6
3062. 8.6169293434306E-6
3064. 9.1460370692420E-6
3066. 9.7048665466092E-6
3068. 1.0294810645061E-5
3070. 1.0917302467453E-5
3072. 1.1574134019808E-5
3074. 1.2266985588527E-5
3076. 1.2997367150538E-5
3078. 1.3767310353323E-5
3080. 1.4578572525683E-5
3082. 1.5433381220364E-5
3084. 1.6333503459287E-5
3086. 1.7281036858250E-5
3088. 1.8278494674949E-5
3090. 1.9328014323969E-5
3092. 2.0431969563601E-5
3094. 2.1592623331637E-5
3096. 2.2813124269517E-5
3098. 2.4095520091435E-5
3100. 2.5442982802945E-5
3102. 2.6858386845343E-5
3104. 2.8344709192846E-5
3106. 2.9904756246356E-5
3108. 3.1541962283517E-5
3110. 3.3259317208043E-5
3112. 3.5060824906642E-5
3114. 3.6949716449684E-5
3116. 3.8929987943689E-5
3118. 4.1004697028201E-5
3120. 4.3178457558744E-5
3122. 4.5454911809549E-5
3124. 4.7838625501197E-5
3126. 5.0333918843167E-5
3128. 5.2944758763373E-5
3130. 5.5676686445488E-5
3132. 5.8533428754173E-5
3134. 6.1520339873181E-5
3136. 6.4643023951711E-5
3138. 6.7905473047253E-5
3140. 7.1314209109660E-5
3142. 7.4874086618927E-5
3144. 7.8591428165127E-5
3146. 8.2472089882469E-5
3148. 8.6521291703523E-5
3150. 9.0745931798988E-5
3152. 9.5152347978837E-5
3154. 9.9746124147004E-5
3156. 1.0453572213073E-4
3158. 1.0952710094431E-4
3160. 1.1472726370664E-4
3162. 1.2014448845110E-4
3164. 1.2578511275167E-4
3166. 1.3165665224629E-4
3168. 1.3776806077134E-4
3170. 1.4412736807361E-4
3172. 1.5074278669981E-4
3174. 1.5762126033961E-4
3176. 1.6477420482016E-4
3178. 1.7220740617455E-4
3180. 1.7993290772617E-4
3182. 1.8795831495034E-4
3184. 1.9629293068620E-4
3186. 2.0494812372413E-4
3188. 2.1393182965695E-4
3190. 2.2325594643025E-4
3192. 2.3293075562899E-4
3194. 2.4296449091932E-4
3196. 2.5336985773924E-4
3198. 2.6416012340938E-4
3200. 2.7534154176492E-4
3202. 2.8693028561711E-4
3204. 2.9893255273996E-4
3206. 3.1136529216740E-4
3208. 3.2424057328872E-4
3210. 3.3756754542223E-4
3212. 3.5136150738389E-4
3214. 3.6563507104869E-4
3216. 3.8039752109585E-4
3218. 3.9566868395350E-4
3220. 4.1145452846259E-4
3222. 4.2777183048864E-4
3224. 4.4463811172384E-4
3226. 4.6206317201216E-4
3228. 4.8006074212762E-4
3230. 4.9864927953078E-4
3232. 5.1783853590051E-4
3234. 5.3764758904385E-4
3236. 5.5809123942491E-4
3238. 5.7917908945100E-4
3240. 6.0093667267491E-4
3242. 6.2336829179026E-4
3244. 6.4650051129039E-4
3246. 6.7033701745126E-4
3248. 6.9491181814685E-4
3250. 7.2022195685837E-4
3252. 7.4629611583047E-4
3254. 7.7315072882957E-4
3256. 8.0079494315270E-4
3258. 8.2925221121884E-4
3260. 8.5853917780521E-4
3262. 8.8867254173892E-4
3264. 9.1966057300733E-4
3266. 9.5153668792306E-4
3268. 9.8431855151930E-4
3270. 0.001018005127723
3272. 0.0010526316480508
3274. 0.0010882058171244
3276. 0.0011247547220391
3278. 0.0011622960690193
3280. 0.0012008475449146
3282. 0.0012404153773058
3284. 0.0012810278447209
3286. 0.0013227146360844
3288. 0.0013654692027192
3290. 0.0014093336460173
3292. 0.0014543130181385
3294. 0.0015004244184003
3296. 0.001547699047075
3298. 0.0015961550155231
3300. 0.0016457951506717
3302. 0.0016966671420256
3304. 0.0017487417537426
3306. 0.0018020833287543
3308. 0.0018566935013854
3310. 0.0019125893117287
3312. 0.0019698057012765
3314. 0.0020283421431068
3316. 0.0020882149292937
3318. 0.0021494598462336
3320. 0.0022120739148804
3322. 0.0022760934557956
3324. 0.0023415352660379
3326. 0.0024084158314905
3328. 0.0024767513056164
3330. 0.0025465340333606
3332. 0.0026178498020898
3334. 0.0026906432739648
3336. 0.002764952509129
3338. 0.0028408440001648
3340. 0.0029182550881191
3342. 0.0029972520966169
3344. 0.0030778499923662
3346. 0.003160063295855
3348. 0.0032439060590715
3350. 0.003329391843041
3352. 0.0034165336951996
3354. 0.0035053441266239
3356. 0.0035958350891367
3358. 0.0036880519203674
3360. 0.0037819731462676
3362. 0.003877644664232
3364. 0.0039750420856263
3366. 0.0040742118404131
3368. 0.0041751649248118
3370. 0.0042779117123725
3372. 0.0043824619315953
3374. 0.0044888246435374
3376. 0.0045970082194292
3378. 0.0047070636717821
3380. 0.0048189566324419
3382. 0.0049326933202119
3384. 0.005048325671875
3386. 0.0051658615733125
3388. 0.0052852595127701
3390. 0.0054065723622545
3392. 0.0055298057357462
3394. 0.0056550165495796
3396. 0.0057821058345419
3398. 0.0059111821714332
3400. 0.0060421402401577
3402. 0.0061751485422521
3404. 0.0063100989100025
3406. 0.0064469911582176
3408. 0.0065858848355402
3410. 0.0067267817805707
3412. 0.0068696197064448
3414. 0.0070145239346679
3416. 0.0071614317309631
3418. 0.0073103414072956
3420. 0.0074612503481605
3422. 0.0076141549928492
3424. 0.0077691223739802
3426. 0.0079260783232099
3428. 0.0080850908620893
3430. 0.0082461569815259
3432. 0.0084091953027485
3434. 0.0085742753752986
3436. 0.0087413913324994
3438. 0.0089106184123104
3440. 0.0090817862410265
3442. 0.0092550517661648
3444. 0.0094303231592668
3446. 0.0096076781280868
3448. 0.0097870196677814
3450. 0.0099684267779131
3452. 0.010151797148588
3454. 0.01033721109376
3456. 0.01052465780922
3458. 0.010714125502578
3460. 0.010905601381455
3462. 0.011099173868821
3464. 0.011294625485451
3466. 0.011492146663352
3468. 0.011691726012571
3470. 0.011893241659536
3472. 0.012096674695075
3474. 0.012302118445219
3476. 0.012509672797257
3478. 0.01271897578682
3480. 0.012930474860865
3482. 0.013143679223676
3484. 0.013359049894258
3486. 0.013576203382701
3488. 0.013795366472616
3490. 0.014016522911563
3492. 0.014239524369728
3494. 0.014464479742033
3496. 0.014691234611664
3498. 0.014919900026539
3500. 0.01515045493235
3502. 0.01538287731858
3504. 0.015617144213501
3506. 0.015853377693957
3508. 0.016091263014955
3510. 0.016331218964766
3512. 0.016572774113965
3514. 0.016816358645598
3516. 0.017061485909728
3518. 0.017308597670884
3520. 0.017557353557746
3522. 0.017808050009048
3524. 0.018060335695655
3526. 0.018314345810686
3528. 0.018570223973942
3530. 0.018827775571099
3532. 0.019087147222887
3534. 0.019348137854358
3536. 0.019610716521488
3538. 0.019875034429062
3540. 0.020141251673842
3542. 0.020408785508263
3544. 0.020678165408477
3546. 0.020949178004184
3548. 0.02122179461277
3550. 0.021495985732227
3552. 0.021771921567283
3554. 0.022049375561357
3556. 0.022328315798218
3558. 0.022608917779157
3560. 0.022891155747665
3562. 0.023174789767861
3564. 0.023460216890015
3566. 0.023746979612011
3568. 0.024035484034438
3570. 0.024325484672108
3572. 0.024616951386173
3574. 0.024909853309755
3576. 0.025204158849476
3578. 0.025500305415964
3580. 0.025797563585914
3582. 0.026096612487544
3584. 0.026396948020529
3586. 0.026698780999057
3588. 0.027002083992768
3590. 0.027307080439323
3592. 0.027613241439883
3594. 0.027920786351706
3596. 0.028229945204233
3598. 0.028540695967034
3600. 0.028852750313179
3602. 0.029166345074484
3604. 0.029481184990091
3606. 0.029797511484685
3608. 0.030115299688354
3610. 0.030434524181975
3612. 0.0307554422647
3614. 0.031077463853612
3616. 0.031400842200259
3618. 0.031725841901727
3620. 0.03205244382293
3622. 0.032380330130209
3624. 0.032709471658477
3626. 0.033040447324003
3628. 0.033372630487448
3630. 0.033706300878479
3632. 0.034041436497335
3634. 0.034378331516493
3636. 0.034716332855414
3638. 0.03505605353938
3640. 0.035397153124907
3642. 0.035739936517554
3644. 0.036084056147563
3646. 0.036429822391253
3648. 0.036776880496791
3650. 0.037125888306941
3652. 0.037476148342683
3654. 0.037828330540346
3656. 0.038181723752137
3658. 0.038537010123076
3660. 0.038893822943404
3662. 0.03925214353289
3664. 0.039612317671786
3666. 0.039974335911048
3668. 0.040337816984944
3670. 0.040703115657506
3672. 0.041070221556182
3674. 0.041438742348642
3676. 0.041809041916988
3678. 0.042181108957243
3680. 0.042554539926049
3682. 0.042930103355061
3684. 0.043306999675703
3686. 0.04368560829167
3688. 0.044065916364301
3690. 0.044447910755451
3692. 0.044831165114621
3694. 0.045216071520792
3696. 0.045602615888125
3698. 0.045991207422125
3700. 0.046380560655558
3702. 0.04677193137527
3704. 0.047164880694587
3706. 0.047558954980447
3708. 0.047955010757307
3710. 0.048352152077411
3712. 0.048751249441713
3714. 0.049151391656791
3716. 0.049553006909488
3718. 0.049956077741792
3720. 0.050361050233034
3722. 0.050766982377672
3724. 0.051174315923793
3726. 0.051583032202542
3728. 0.051993591119497
3730. 0.052405019438553
3732. 0.052817772685219
3734. 0.053232321270323
3736. 0.053647668273343
3738. 0.054064777644201
3740. 0.054482636552453
3742. 0.054902223707473
3744. 0.0553230198206
3746. 0.055745003258513
3748. 0.056168152091421
3750. 0.056592444094013
3752. 0.057017856746479
3754. 0.057444896320199
3756. 0.057872485478665
3758. 0.058302199937683
3760. 0.058732416955915
3762. 0.059163645613631
3764. 0.059595861675371
3766. 0.060029593509571
3768. 0.06046427142064
3770. 0.060899870343395
3772. 0.061336929861277
3774. 0.061774867475665
3776. 0.062213657301593
3778. 0.062653273175597
3780. 0.063093688657564
3782. 0.063536047399134
3784. 0.063978579082402
3786. 0.064422430935664
3788. 0.064866990284594
3790. 0.065312229372366
3792. 0.065758725833409
3794. 0.066205853954062
3796. 0.06665358520235
3798. 0.067102508820179
3800. 0.067551985997406
3802. 0.068002613767558
3804. 0.068453744566065
3806. 0.068905983254921
3808. 0.069358673490308
3810. 0.069811785004919
3812. 0.070265934456624
3814. 0.070721103649697
3816. 0.071175963064205
3818. 0.071632448160525
3820. 0.072089224779634
3822. 0.072546929426712
3824. 0.073004870448278
3826. 0.073463015718732
3828. 0.073922013731218
3830. 0.074381844600014
3832. 0.074841798924884
3834. 0.075302537263384
3836. 0.075764039132921
3838. 0.076224879734763
3840. 0.076687131617657
3842. 0.077150075906847
3844. 0.077612976506911
3846. 0.078076518283853
3848. 0.07853995622122
3850. 0.079003983333975
3852. 0.079467845684445
3854. 0.079932980661947
3856. 0.080397897760496
3858. 0.080863306361174
3860. 0.081329183744127
3862. 0.081794753658359
3864. 0.082260737815468
3866. 0.082726351037488
3868. 0.08319308950709
3870. 0.083660172014413
3872. 0.084126799994174
3874. 0.084593715793436
3876. 0.085060895362074
3878. 0.085527526753496
3880. 0.085995156784419
3882. 0.086462181158761
3884. 0.086929362953263
3886. 0.087397482313339
3888. 0.087864099412012
3890. 0.088331604020394
3892. 0.088799165941153
3894. 0.089266759794797
3896. 0.089733533584676
3898. 0.090201110313279
3900. 0.090667806938064
3902. 0.091135263409489
3904. 0.091601779218265
3906. 0.092069011266904
3908. 0.092535241594678
3910. 0.093001287479181
3912. 0.093467983260004
3914. 0.093933584844928
3916. 0.094398922052695
3918. 0.094864841746551
3920. 0.095330451782445
3922. 0.095794842757789
3924. 0.096259747804322
3926. 0.096723370737758
3928. 0.097187461598773
3930. 0.097651106305521
3932. 0.09811518093199
3934. 0.098576946779356
3936. 0.099039999267004
3938. 0.099501586734387
3940. 0.099963509855595
3942. 0.10042482839307
3944. 0.10088551421679
3946. 0.10134553911901
3948. 0.10180581247897
3950. 0.10226443484216
3952. 0.10272325732715
3954. 0.10318131376
3956. 0.10363953011482
3958. 0.10409597285488
3960. 0.10455252658137
3962. 0.10500820796505
3964. 0.1054639595278
3966. 0.10591781385677
3968. 0.1063726686239
3970. 0.10682556819297
3972. 0.10727844712505
3974. 0.10773029657834
3976. 0.10818108739637
3978. 0.10863179091826
3980. 0.10908138566084
3982. 0.10953085115033
3984. 0.10997814456987
3986. 0.11042627537161
3988. 0.11087319651573
3990. 0.11131887855643
3992. 0.11176329203082
3994. 0.11220744092607
3996. 0.1126513079904
3998. 0.11309383428127
4000. 0.11353499022281
4002. 0.11397579598693
4004. 0.11441623413504
4006. 0.11485522932014
4008. 0.11529381378101
4010. 0.11573090402485
4012. 0.11616647037621
4014. 0.11660155710778
4016. 0.11703614655182
4018. 0.11747022100145
4020. 0.11790267678303
4022. 0.11833348418105
4024. 0.11876370735554
4026. 0.11919332848762
4028. 0.11962122796912
4030. 0.1200484817951
4032. 0.12047507207245
4034. 0.12090098088029
4036. 0.12132507282079
4038. 0.12174731822305
4040. 0.12216993789689
4042. 0.12259066729668
4044. 0.12301060976372
4046. 0.12342861045606
4048. 0.12384578046831
4050. 0.12426324627368
4052. 0.12467870465266
4054. 0.12509212606937
4056. 0.12550579293787
4058. 0.12591737910351
4060. 0.12632801864961
4062. 0.12673769350552
4064. 0.12714521453817
4066. 0.12755290202279
4068. 0.12795839203611
4070. 0.12836283757485
4072. 0.12876622057919
4074. 0.12916852299018
4076. 0.12956972675107
4078. 0.12996981380864
4080. 0.13036756537933
4082. 0.13076536122745
4084. 0.1311607782168
4086. 0.13155621076159
4088. 0.13194922115575
4090. 0.13234221838154
4092. 0.13273275025693
4094. 0.13312324024776
4096. 0.13351122179262
4098. 0.13389789950297
4100. 0.13428325548977
4102. 0.13466851222147
4104. 0.13505117470126
4106. 0.13543370929003
4108. 0.13581360691743
4110. 0.13619334806374
4112. 0.13657166755803
4114. 0.13694728630512
4116. 0.13732270579213
4118. 0.13769791869395
4120. 0.13807037429711
4122. 0.13844131976327
4124. 0.13881073749422
4126. 0.1391798918161
4128. 0.13954749007559
4130. 0.13991351474339
4132. 0.14027794832985
4134. 0.14064077338628
4136. 0.14100327118856
4138. 0.1413641323273
4140. 0.14172333943933
4142. 0.14207956660018
4144. 0.14243672236139
4146. 0.14279217883851
4148. 0.14314591881285
4150. 0.14349792511643
4152. 0.14384950553028
4154. 0.14419932452694
4156. 0.14454736504983
4158. 0.14489494462361
4160. 0.14524071813576
4162. 0.14558466865032
4164. 0.14592812333193
4166. 0.14626972760296
4168. 0.14660946465731
4170. 0.14694867119256
4172. 0.14728598328924
4174. 0.14762274392986
4176. 0.14795758301953
4178. 0.1482918497834
4180. 0.14862279912666
4182. 0.14895452116443
4184. 0.14928426779755
4186. 0.14961202260964
4188. 0.14993915024101
4190. 0.15026564340462
4192. 0.15058872084216
4194. 0.15091252726102
4196. 0.15123427847941
4198. 0.15155395836295
4200. 0.1518729496511
4202. 0.15219124512439
4204. 0.15250743291493
4206. 0.15282290463806
4208. 0.15313624266192
4210. 0.15344884447464
4212. 0.15376070291757
4214. 0.15407039179007
4216. 0.15437931728795
4218. 0.15468604757282
4220. 0.1549919945992
4222. 0.15529715128121
4224. 0.1556015105402
4226. 0.15590362937287
4228. 0.15620493108441
4230. 0.15650540864205
4232. 0.15680361080029
4234. 0.15710096927411
4236. 0.15739747708059
4238. 0.15769312724642
4240. 0.15798645769243
4242. 0.1582803689898
4244. 0.15857194128676
4246. 0.15886115961934
4248. 0.15915094076629
4250. 0.15943834885967
4252. 0.15972631135057
4254. 0.16001188177968
4256. 0.16029652181204
4258. 0.16058022463728
4260. 0.16086150186212
4262. 0.16114330729912
4264. 0.1614241551863
4266. 0.16170254942494
4268. 0.16197996749122
4270. 0.16225640268447
4272. 0.16253334529948
4274. 0.16280779723245
4276. 0.16308124627183
4278. 0.16335368577826
4280. 0.16362510912839
4282. 0.16389550971515
4284. 0.16416488094801
4286. 0.16443473074611
4288. 0.16470202602897
4290. 0.16496827227861
4292. 0.16523346297328
4294. 0.16549759160911
4296. 0.16576217841941
4298. 0.16602416591172
4300. 0.16628660348264
4302. 0.16654795795337
4304. 0.1668066865297
4306. 0.16706585310989
4308. 0.1673239173356
4310. 0.16758087282454
4312. 0.16783825905481
4314. 0.16809298034967
4316. 0.16834812440797
4318. 0.16860213905734
4320. 0.16885501798661
4322. 0.1691067549057
4324. 0.16935734354584
4326. 0.16960833980323
4328. 0.16985817989698
4330. 0.17010685759171
4332. 0.17035593570312
4334. 0.17060384356354
4336. 0.17085057497223
4338. 0.17109612375109
4340. 0.17134206185642
4342. 0.17158680953867
4344. 0.17183036065623
4346. 0.17207270909095
4348. 0.17231543582493
4350. 0.1725569521455
4352. 0.17279884350165
4354. 0.17303792298214
4356. 0.17327736980766
4358. 0.17351718455405
4360. 0.17375416709855
4362. 0.17399150991524
4364. 0.17422921356257
4366. 0.17446406482346
4368. 0.17469926931001
4370. 0.17493482756357
4372. 0.17516751339185
4374. 0.17540054542766
4376. 0.17563230655482
4378. 0.17586441064903
4380. 0.17609523632242
4382. 0.17632477770512
4384. 0.17655465507517
4386. 0.17678324069153
4388. 0.17701052872995
4390. 0.17723814580983
4392. 0.17746445789973
4394. 0.17768945922229
4396. 0.17791478267631
4398. 0.17813878800369
4400. 0.17836146947513
4402. 0.17858446620602
4404. 0.17880777864915
4406. 0.17902810940796
4408. 0.17924874859711
4410. 0.17946969665413
4412. 0.17968764401803
4414. 0.17990589302514
4416. 0.18012444409808
4418. 0.18034163664453
4420. 0.18055746507881
4422. 0.18077358882393
4424. 0.18098834131649
4426. 0.18120338596087
4428. 0.18141538133304
4430. 0.18162933463865
4432. 0.18184022768357
4434. 0.18205140267287
4436. 0.18226285998657
4438. 0.18247291935977
4440. 0.18268157536169
4442. 0.18289050706921
4444. 0.18309802844613
4446. 0.18330582241933
4448. 0.18351219913135
4450. 0.18371884533829
4452. 0.18392237338728
4454. 0.18412785994097
4456. 0.18433191547377
4458. 0.18453453468782
4460. 0.18473741380481
4462. 0.18493884980122
4464. 0.18514054263813
4466. 0.1853407855838
4468. 0.18553957342656
4470. 0.18573861169638
4472. 0.18593618816491
4474. 0.18613401203131
4476. 0.18633208360464
4478. 0.18652868519382
4480. 0.18672381166967
4482. 0.1869191795188
4484. 0.18711306565544
4486. 0.1873071901683
4488. 0.18749982640357
4490. 0.18769096932368
4492. 0.18788234437865
4494. 0.18807395184793
4496. 0.18826405802729
4498. 0.18845439365885
4500. 0.18864495901675
4502. 0.1888322759244
4504. 0.18901981613434
4506. 0.18920757990925
4508. 0.18939382312253
4510. 0.18957854088534
4512. 0.18976522391765
4514. 0.18995037858811
4516. 0.19013400003286
4518. 0.19031783630872
4520. 0.19050013308334
4522. 0.19068264180485
4524. 0.19086360478789
4526. 0.1910447768476
4528. 0.19122439697037
4530. 0.19140422331392
4532. 0.19158249156128
4534. 0.19176272937998
4536. 0.19193963842044
4538. 0.19211674801581
4540. 0.19229405838711
4542. 0.1924697970351
4544. 0.19264395932002
4546. 0.19282009248513
4548. 0.19299464648826
4550. 0.19316761671774
4552. 0.1933407793267
4554. 0.19351413452172
4556. 0.19368589858833
4558. 0.19385785247088
4560. 0.19402820929731
4562. 0.19419875318594
4564. 0.19436769413318
4566. 0.19453681940551
4568. 0.19470612919554
4570. 0.19487382883358
4572. 0.19504171026622
4574. 0.19520797574153
4576. 0.19537442030553
4578. 0.19554104414194
4580. 0.19570604490709
4582. 0.19587122225339
4584. 0.19603477080499
4586. 0.19619849326428
4588. 0.19636238980627
4590. 0.19652465053891
4592. 0.19668527114942
4594. 0.1968478734043
4596. 0.19700883289723
4598. 0.19716996134138
4600. 0.1973294414238
4602. 0.19748908783353
4604. 0.19764890073306
4606. 0.19780705840632
4608. 0.1979653799617
4610. 0.19812204077785
4612. 0.19827886288764
4614. 0.19843584644543
4616. 0.19859299160574
4618. 0.19874846797378
4620. 0.19890410337012
4622. 0.1990580645444
4624. 0.19921218219252
4626. 0.19936645646108
4628. 0.19951904985002
4630. 0.19967179732244
4632. 0.19982469902114
4634. 0.19997591323438
4636. 0.20012727915475
4638. 0.2002787969213
4640. 0.20042862064895
4642. 0.20057859372175
4644. 0.20072871627507
4646. 0.20087898844444
4648. 0.20102755882476
4650. 0.20117627633607
4652. 0.20132328684571
4654. 0.20147229764235
4656. 0.20161774199445
4658. 0.20176518688995
4660. 0.20191091716057
4662. 0.20205865092787
4664. 0.20220280525545
4666. 0.20234896332933
4668. 0.20249339921244
4670. 0.20263797539127
4672. 0.20278082429819
4674. 0.20292568009859
4676. 0.20306880621654
4678. 0.20321019881531
4680. 0.20335359997961
4682. 0.20349713950346
4684. 0.20363706633725
4686. 0.20378088028617
4688. 0.20392107654785
4690. 0.20406140640146
4692. 0.20420186995832
4694. 0.20434246732991
4696. 0.20448131527664
4698. 0.20462217931516
4700. 0.20475940565995
4702. 0.20489864831299
4704. 0.20503802275147
4706. 0.20517563933775
4708. 0.20531338537184
4710. 0.2054512609589
4712. 0.20558926620422
4714. 0.20572550640253
4716. 0.20586187394054
4718. 0.20599836892033
4720. 0.20613499144408
4722. 0.2062698417899
4724. 0.20640671844792
4726. 0.20654182062675
4728. 0.20667514469253
4730. 0.20681049661227
4732. 0.20694597417363
4734. 0.20707967019304
4736. 0.20721348957049
4738. 0.20734743240224
4740. 0.20748149878464
4742. 0.2076137766118
4744. 0.20774808914793
4746. 0.20788061086329
4748. 0.20801325405364
4750. 0.20814410172561
4752. 0.20827698692261
4754. 0.20840999387429
4756. 0.20854120193016
4758. 0.20867252949159
4760. 0.20880397664926
4762. 0.20893554349395
4764. 0.20906530454507
4766. 0.20919518305489
4768. 0.20932710707623
4770. 0.20945722196535
4772. 0.20958745457796
4774. 0.20971780500217
4776. 0.20984827332618
4778. 0.20997692567042
4780. 0.21010762885519
4782. 0.2102365138451
4784. 0.21036551469335
4786. 0.21049463148542
4788. 0.21062580423326
4790. 0.21075321324328
4792. 0.21088267838046
4794. 0.21101031631843
4796. 0.21114001292015
4798. 0.21126788012128
4800. 0.21139586149056
4802. 0.211523957111
4804. 0.21165216706573
4806. 0.21178049143796
4808. 0.211908930311
4810. 0.21203553083984
4812. 0.2121641977797
4814. 0.21229102418819
4816. 0.21241991952499
4818. 0.21254697213942
4820. 0.21267413739379
4822. 0.2128033753514
4824. 0.21293076730148
4826. 0.21305827213522
4828. 0.21318588993371
4830. 0.2133136207781
4832. 0.21343949889018
4834. 0.21356745489173
4836. 0.21369355598273
4838. 0.21382173746301
4840. 0.21395003239429
4842. 0.21407646913205
4844. 0.21420301713503
4846. 0.21433165054037
4848. 0.21445842247781
4850. 0.2145853059181
4852. 0.21471230094027
4854. 0.21484138637662
4856. 0.21496860597175
4858. 0.21509593738743
4860. 0.21522338070306
4862. 0.21535093599811
4864. 0.21547860335216
4866. 0.21560638284486
4868. 0.21573427455594
4870. 0.21586227856524
4872. 0.21599039495268
4874. 0.21611663328135
4876. 0.21624696518209
4878. 0.21637342630224
4880. 0.21650199181903
4882. 0.21663067011383
4884. 0.21675946126708
4886. 0.21688836535932
4888. 0.21701738247116
4890. 0.21714451269924
4892. 0.21727375490215
4894. 0.21740311036602
4896. 0.21753257917182
4898. 0.21766216140062
4900. 0.21779185713356
4902. 0.21791965932841
4904. 0.21805158943693
4906. 0.21818162617011
4908. 0.21831177673292
4910. 0.21844002929068
4912. 0.21857241967392
4914. 0.21870291221555
4916. 0.21883351891373
4918. 0.2189642398504
4920. 0.2190950751076
4922. 0.21922602476746
4924. 0.21935910927495
4926. 0.21949028919506
4928. 0.21962360656466
4930. 0.21975501707883
4932. 0.21988856764898
4934. 0.22002020909175
4936. 0.22015399320161
4938. 0.22028789482539
4940. 0.22042191404923
4942. 0.22055401957242
4944. 0.22069030564213
4946. 0.22082264432287
4948. 0.22095713357157
4950. 0.22109377719093
4952. 0.22122850382938
4954. 0.22136334867352
4956. 0.22150035189446
4958. 0.22163543465486
4960. 0.22177267847541
4962. 0.22191004336236
4964. 0.22204752940627
4966. 0.22218513669782
4968. 0.22232286532777
4970. 0.22246071538699
4972. 0.22259868696642
4974. 0.22273883164814
4976. 0.22287704781429
4978. 0.22301743983231
4980. 0.22315795630594
4982. 0.22329654068341
4984. 0.22343730505641
4986. 0.22357819416872
4988. 0.22372126865502
4990. 0.22386240883143
4992. 0.22400573719362
4994. 0.224149193301
4996. 0.2242907114493
4998. 0.22443442202067
5000. 0.22458032908525
5002. 0.22472429716489
5004. 0.22486839348599
5006. 0.22501469060048
5008. 0.22516111883387
5010. 0.22530560313868
5012. 0.22545229256902
5014. 0.22559911342748
5016. 0.22574606581775
5018. 0.225895230406
5020. 0.22604452946479
5022. 0.22619396310179
5024. 0.22634144673346
5026. 0.22649114847164
5028. 0.22664098511057
5030. 0.22679304558993
5032. 0.22694315373746
5034. 0.22709339711178
5036. 0.22724586882353
5038. 0.22739847877103
5040. 0.22755122706679
5042. 0.22770411382341
5044. 0.2278550405215
5046. 0.22801030317033
5048. 0.22816360598644
5050. 0.22831704771507
5052. 0.22847273277138
5054. 0.22862645408061
5056. 0.22878242179788
5058. 0.22893853173871
5060. 0.22909478402067
5062. 0.22925117876146
5064. 0.22940771607889
5066. 0.22956439609091
5068. 0.22972333473594
5070. 0.22988030193717
5072. 0.23003741218887
5074. 0.23019678579046
5076. 0.23035630559842
5078. 0.23051384861466
5080. 0.23067365973164
5082. 0.23083361742208
5084. 0.23099372180905
5086. 0.23115397301575
5088. 0.2313165016594
5090. 0.23147491638175
5092. 0.23163774224072
5094. 0.23179858344226
5096. 0.23196170851924
5098. 0.23212498414712
5100. 0.23228627100866
5102. 0.23244984661656
5104. 0.23261357315904
5106. 0.23277530681503
5108. 0.2329393341019
5110. 0.23310351270821
5112. 0.23326784276299
5114. 0.23343232439539
5116. 0.23359695773469
5118. 0.23376174291034
5120. 0.23392883460614
5122. 0.2340939253638
5124. 0.23425916834828
5126. 0.2344267228295
5128. 0.2345922721824
5130. 0.23475797415381
5132. 0.23492599261251
5134. 0.23509200174121
5136. 0.23526033069911
5138. 0.23542664751332
5140. 0.23559528750487
5142. 0.23576191253391
5144. 0.23593086409471
5146. 0.23609997242008
5148. 0.23626923764579
5150. 0.23643648223722
5152. 0.23660606010954
5154. 0.23677579528885
5156. 0.23694568791147
5158. 0.23711573811385
5160. 0.2372859460326
5162. 0.23745412476107
5164. 0.23762464695235
5166. 0.23779532726919
5168. 0.23796616584876
5170. 0.23813716282837
5172. 0.23830831834546
5174. 0.23847963253765
5176. 0.23865110554266
5178. 0.23882273749837
5180. 0.23899452854281
5182. 0.23916647881414
5184. 0.23933858845067
5186. 0.23951085759085
5188. 0.23968328637329
5190. 0.23985587493671
5192. 0.24002641268486
5194. 0.24019931963451
5196. 0.24037238678075
5198. 0.2405456142629
5200. 0.2407190022204
5202. 0.24089255079288
5204. 0.24106626012006
5206. 0.24124013034183
5208. 0.24141193810189
5210. 0.24158612892875
5212. 0.24176048106926
5214. 0.24193499466389
5216. 0.24210743995106
5218. 0.24228227526561
5220. 0.24245503935135
5222. 0.24263019694348
5224. 0.24280328038011
5226. 0.24297876080864
5228. 0.24315440367414
5230. 0.24332796797451
5232. 0.24350169177447
5234. 0.24367781955681
5236. 0.24385186437149
5238. 0.24402606910005
5240. 0.24420268305986
5242. 0.24437720963743
5244. 0.24455189654445
5246. 0.24472674391924
5248. 0.24490175190024
5250. 0.24507692062607
5252. 0.24525225023545
5254. 0.24542548040465
5256. 0.24560113058014
5258. 0.24577694205478
5260. 0.24595064966825
5262. 0.24612678253701
5264. 0.24630307712178
5266. 0.24647726341235
5268. 0.24665160846607
5270. 0.2468261124185
5272. 0.24700305037707
5274. 0.24717787414445
5276. 0.2473528572196
5278. 0.24752799973866
5280. 0.24770102041672
5282. 0.24787648061655
5284. 0.24805210066808
5286. 0.24822559445526
5288. 0.24840153299996
5290. 0.24857763180538
5292. 0.24875159991119
5294. 0.24892572532344
5296. 0.24910000817514
5298. 0.24927444859941
5300. 0.24944904672951
5302. 0.24962380269885
5304. 0.24979871664096
5306. 0.24997148635642
5308. 0.25014671503129
5310. 0.25031979653773
5312. 0.25049303333856
5314. 0.25066642556365
5316. 0.25084228367518
5318. 0.2510159887388
5320. 0.25118753608515
5322. 0.2513615513086
5324. 0.25153572260762
5326. 0.25170773178832
5328. 0.2518798941133
5330. 0.25205453120654
5332. 0.25222700178865
5334. 0.25239962589675
5336. 0.25257240365788
5338. 0.25274300733932
5340. 0.25291609119389
5342. 0.25308699805376
5344. 0.25325805590208
5346. 0.25343159904283
5348. 0.25360296081679
5350. 0.25377447395129
5352. 0.25394379965051
5354. 0.25411561429513
5356. 0.25428523860629
5358. 0.25445735525168
5360. 0.25462727866036
5362. 0.25479735101698
5364. 0.25496757244193
5366. 0.25513559315924
5368. 0.25530611151194
5370. 0.25547442627619
5372. 0.25564288746526
5374. 0.25581385131781
5376. 0.25598024958547
5378. 0.25614915075073
5380. 0.25631819880905
5382. 0.25648503155244
5384. 0.25665200832608
5386. 0.25681912924353
5388. 0.25698639441844
5390. 0.2571538039646
5392. 0.25731898798953
5394. 0.25748431354632
5396. 0.25765215379825
5398. 0.2578177642747
5400. 0.25798114051006
5402. 0.258147033297
5404. 0.25831068902735
5406. 0.25847686456193
5408. 0.25864080021966
5410. 0.25880249157787
5412. 0.25896670457126
5414. 0.25912867047398
5416. 0.25929077305954
5418. 0.25945540209314
5420. 0.2596153886938
5422. 0.25977790195003
5424. 0.25993815817425
5426. 0.26010094423102
5428. 0.26026147048482
5430. 0.26042213116606
5432. 0.26058052632891
5434. 0.26073905317811
5436. 0.26090011477853
5438. 0.26105890675429
5440. 0.26121542481507
5442. 0.2613744793814
5444. 0.26153125731742
5446. 0.26168816461111
5448. 0.26184520135649
5450. 0.26200236764769
5452. 0.2621572490103
5454. 0.26231225722959
5456. 0.26246739239641
5458. 0.2626226546017
5460. 0.26277562367237
5462. 0.26292871712122
5464. 0.26308435812127
5466. 0.26323527750436
5468. 0.26338874461433
5470. 0.26353990915038
5472. 0.26369119569483
5474. 0.26384260433239
5476. 0.26399170368322
5478. 0.26414335536473
5480. 0.26429269515599
5482. 0.26443971901232
5484. 0.26458929681989
5486. 0.26473655612109
5488. 0.2648839325856
5490. 0.26503142629218
5492. 0.26517659494168
5494. 0.26532432200828
5496. 0.26546727641955
5498. 0.26561278939949
5500. 0.26575841730797
5502. 0.2659017111644
5504. 0.26604511743717
5506. 0.2661861845226
5508. 0.26632736154721
5510. 0.2664711028593
5512. 0.26661004569423
5514. 0.26675155295693
5516. 0.26689071227377
5518. 0.26702997929264
5520. 0.26716935408092
5522. 0.26730637471199
5524. 0.26744350069875
5526. 0.26758073210581
5528. 0.26771560323467
5530. 0.26785057740421
5532. 0.26798565467637
5534. 0.26812083511311
5536. 0.26825364805772
5538. 0.26838656181993
5540. 0.2685195764591
5542. 0.2686502176633
5544. 0.26878095743219
5546. 0.26891179582255
5548. 0.26904025492747
5550. 0.26916881037662
5552. 0.26929746222426
5554. 0.26942621052468
5556. 0.26955257264984
5558. 0.26967902898422
5560. 0.26980557957966
5562. 0.26992973833179
5564. 0.27005398913706
5566. 0.27017584362194
5568. 0.27030027753567
5570. 0.27042231295703
5572. 0.27054194656111
5574. 0.27066166796157
5576. 0.27078147720307
5578. 0.27090137433035
5580. 0.27101886320071
5582. 0.27113643785761
5584. 0.27125409834353
5586. 0.27136934528544
5588. 0.27148467599391
5590. 0.27160009050922
5592. 0.27171308629012
5594. 0.27182366025251
5596. 0.27193681859218
5598. 0.27205005878878
5600. 0.27215836749192
5602. 0.2722692617239
5604. 0.27237772715553
5606. 0.27248376082371
5608. 0.27259238112141
5610. 0.2726985677444
5612. 0.27280483040431
5614. 0.27290865553987
5616. 0.27301255483918
5618. 0.27311401284756
5620. 0.27321805960587
5622. 0.27331966323841
5624. 0.27341882096581
5626. 0.27351804925706
5628. 0.27361734813827
5630. 0.27371419662305
5632. 0.27381111394162
5634. 0.27390810011824
5636. 0.27400263150814
5638. 0.27409470552181
5640. 0.27418937034419
5642. 0.27428157611363
5644. 0.27437384736805
5646. 0.27446365621289
5648. 0.2745535289055
5650. 0.27464093591679
5652. 0.27472840517945
5654. 0.27481593671085
5656. 0.274900998585
5658. 0.2749861211714
5660. 0.27507130448585
5662. 0.27515401427035
5664. 0.27523424825375
5666. 0.27531453996063
5668. 0.27539488940365
5670. 0.27547529659544
5672. 0.27555322359804
5674. 0.27562866826938
5676. 0.27570670719296
5678. 0.27577972235566
5680. 0.27585533178996
5682. 0.27592845475795
5684. 0.27599908924743
5686. 0.27607231870673
5688. 0.27614051501775
5690. 0.27621130631231
5692. 0.27627960524807
5694. 0.27634540994336
5696. 0.27641381026775
5698. 0.27647716866473
5700. 0.27654312269915
5702. 0.27660657886921
5704. 0.27667008363836
5706. 0.27673108821024
5708. 0.27679214023895
5710. 0.27685068982531
5712. 0.27690928576893
5714. 0.27696792807022
5716. 0.27702406523192
5718. 0.27708024769374
5720. 0.27713647545489
5722. 0.27719019548681
5724. 0.27724395980267
5726. 0.27729521440547
5728. 0.27734906678741
5730. 0.27739785354279
5732. 0.27744923807114
5734. 0.27749811003808
5736. 0.27754446808902
5738. 0.27759342435046
5740. 0.27763730866265
5742. 0.27768379117476
5744. 0.27772775718443
5746. 0.2777717638312
5748. 0.27781325234233
5750. 0.27785733983825
5752. 0.2778963488649
5754. 0.27793795686159
5756. 0.2779744841457
5758. 0.27801361038303
5760. 0.2780527756738
5762. 0.27808941869969
5764. 0.27812610006308
5766. 0.27816025779215
5768. 0.27819445318654
5770. 0.27822612366679
5772. 0.27825783118399
5774. 0.27828957572681
5776. 0.27832135728396
5778. 0.27835061212849
5780. 0.27837990340165
5782. 0.27840923109122
5784. 0.27843603068257
5786. 0.278462866148
5788. 0.27848717250091
5790. 0.27851151422964
5792. 0.27853589132012
5794. 0.2785603037583
5796. 0.27858218568162
5798. 0.27860410249729
5800. 0.27862348796143
5802. 0.27864547431461
5804. 0.27866492890449
5806. 0.27868185117773
5808. 0.27870137447183
5810. 0.27871836508119
5812. 0.2787328225197
5814. 0.27874988108561
5816. 0.27876440615627
5818. 0.27877639731285
5820. 0.27879098967814
5822. 0.27880304784869
5824. 0.2788151394435
5826. 0.27882469636211
5828. 0.27883428646812
5830. 0.27884390974239
5832. 0.27885356616579
5834. 0.27886068730557
5836. 0.27886784140092
5838. 0.27887245990979
5840. 0.27887967979
5842. 0.27888436393402
5844. 0.27888908084321
5846. 0.27889126180159
5848. 0.27889347541933
5850. 0.27889572167487
5852. 0.2788980005467
5854. 0.27889774325838
5856. 0.27889751852391
5858. 0.27889475759351
5860. 0.27889459790131
5862. 0.27889190199466
5864. 0.27888923857793
5866. 0.27888660762804
5868. 0.27888144051715
5870. 0.27887630589799
5872. 0.2788712037467
5874. 0.27886356559927
5876. 0.27885852835868
5878. 0.27884838688986
5880. 0.27884084627861
5882. 0.27883076999208
5884. 0.27882072630522
5886. 0.27881071519261
5888. 0.27880073662889
5890. 0.27878822284249
5892. 0.2787757417606
5894. 0.27876329335708
5896. 0.27874831022716
5898. 0.27873335997515
5900. 0.27872100967764
5902. 0.27870355799709
5904. 0.27868613941124
5906. 0.27867132053823
5908. 0.27865396789875
5910. 0.27863664827116
5912. 0.27861679546048
5914. 0.27859697594793
5916. 0.27857718970503
5918. 0.27855743670337
5920. 0.27853515149919
5922. 0.2785154650762
5924. 0.27849068177391
5926. 0.2784684971944
5928. 0.2784463460981
5930. 0.2784216640858
5932. 0.27839701592897
5934. 0.27837240159764
5936. 0.27834525739555
5938. 0.27831814743496
5940. 0.27829107168511
5942. 0.27826403011527
5944. 0.27823702269476
5946. 0.2782074869955
5948. 0.27817798590416
5950. 0.27814851938924
5952. 0.27811908741929
5954. 0.27808712867397
5956. 0.27805520497529
5958. 0.27802331629096
5960. 0.27799146258873
5962. 0.2779596438364
5964. 0.2779253002034
5966. 0.27789099206443
5968. 0.27785671938644
5970. 0.27782248213644
5972. 0.27778572176864
5974. 0.27775155559047
5976. 0.27771486688101
5978. 0.27767821411927
5980. 0.27763904010967
5982. 0.27760245947908
5984. 0.27756335822997
5986. 0.27752429348955
5988. 0.27748526522326
5990. 0.27744371803371
5992. 0.27740220799039
5994. 0.27736328965639
5996. 0.27732185341757
5998. 0.27728045421912
6000. 0.27723909202571
6002. 0.27719521372808
6004. 0.27715137314908
6006. 0.27710757025253
6008. 0.27706380500228
6010. 0.27702007736223
6012. 0.27697383626127
6014. 0.27693018413557
6016. 0.27688146911958
6018. 0.2768353430049
6020. 0.27678925514509
6022. 0.27674320550332
6024. 0.27669464557917
6026. 0.27664867268652
6028. 0.27659764273747
6030. 0.27654919974443
6032. 0.27650079565302
6034. 0.27644988421636
6036. 0.27640155826048
6038. 0.27635072579719
6040. 0.27629993299719
6042. 0.27624917982198
6044. 0.27619592236292
6046. 0.27614524878869
6048. 0.27609207181
6050. 0.27603893525763
6052. 0.27598583909222
6054. 0.27593278327447
6056. 0.27587976776514
6058. 0.27582425207809
6060. 0.27577131755561
6062. 0.27571588377491
6064. 0.27566049114278
6066. 0.27560513961911
6068. 0.27554982916383
6070. 0.27549202234997
6072. 0.2754367944202
6074. 0.27537907109194
6076. 0.27532392552657
6078. 0.2752662855215
6080. 0.27520615262848
6082. 0.27514859684482
6084. 0.27508854917441
6086. 0.27503107744752
6088. 0.27497364742293
6090. 0.27491372699937
6092. 0.27485384927662
6094. 0.27479401421301
6096. 0.27473422176691
6098. 0.27467194206304
6100. 0.27461223527727
6102. 0.27455004227312
6104. 0.27448789284173
6106. 0.27442831450711
6108. 0.27436625152209
6110. 0.2743017055591
6112. 0.274239729994
6114. 0.27417779778956
6116. 0.27411338421434
6118. 0.27405153917415
6120. 0.27398721384051
6122. 0.27392293285932
6124. 0.27385869618733
6126. 0.27379450378138
6128. 0.27373035559832
6130. 0.2736662515951
6132. 0.27359967177097
6134. 0.27353565658802
6136. 0.2734691666999
6138. 0.27340524016397
6140. 0.2733388400372
6142. 0.27327248503133
6144. 0.27320617510245
6146. 0.2731399102067
6148. 0.2730736903003
6150. 0.27300500085895
6152. 0.27293887140916
6154. 0.27287278681726
6156. 0.27280423440827
6158. 0.2727357280089
6160. 0.27266726757444
6162. 0.27260136380003
6164. 0.27253299453182
6166. 0.27246467109518
6168. 0.27239639344563
6170. 0.27232565331525
6172. 0.27225746773472
6174. 0.27218932780778
6176. 0.27211872717255
6178. 0.27205067904689
6180. 0.27198017140035
6182. 0.27190971050523
6184. 0.27184180006023
6186. 0.27177143188405
6188. 0.27170111032403
6190. 0.27163083533507
6192. 0.27156060687211
6194. 0.27149042489015
6196. 0.27142028934425
6198. 0.27135020018955
6200. 0.27127765881012
6202. 0.27120766294807
6204. 0.27113521608335
6206. 0.27106531333342
6208. 0.27099296080138
6210. 0.27092065570054
6212. 0.27085089260256
6214. 0.27077868156181
6216. 0.27070901112622
6218. 0.27063689396468
6220. 0.27056482400697
6222. 0.2704928012076
6224. 0.27042082552118
6226. 0.27034889690234
6228. 0.27027701530577
6230. 0.27020269201603
6232. 0.27013090498955
6234. 0.27005916484937
6236. 0.26998747155042
6238. 0.26991582504771
6240. 0.26984173995054
6242. 0.26977018756451
6244. 0.26969868183959
6246. 0.26962473938395
6248. 0.26955332750472
6250. 0.26947948014285
6252. 0.26940816192893
6254. 0.26933440947895
6256. 0.26926070475628
6258. 0.26918952703093
6260. 0.26911591694776
6262. 0.26904235445532
6264. 0.26897131681401
6266. 0.26889784868972
6268. 0.2688244280201
6270. 0.26875105475975
6272. 0.26868020348807
6274. 0.26860692423542
6276. 0.26853369225667
6278. 0.26846050750666
6280. 0.2683873699403
6282. 0.26831675078978
6284. 0.2682437067829
6286. 0.26817070982516
6288. 0.26809775987169
6290. 0.26802485687767
6292. 0.26795200079836
6294. 0.26787919158905
6296. 0.26780642920512
6298. 0.26773371360196
6300. 0.26766104473506
6302. 0.26758842255994
6304. 0.26751831095555
6306. 0.2674457813628
6308. 0.26737329832919
6310. 0.26730086181047
6312. 0.26722847176246
6314. 0.26715612814102
6316. 0.26708383090208
6318. 0.26701158000161
6320. 0.26694183400947
6322. 0.26686967498949
6324. 0.26679756217668
6326. 0.26672549552724
6328. 0.26665347499742
6330. 0.26658150054353
6332. 0.26651202677711
6334. 0.26644014368217
6336. 0.26636830653286
6338. 0.26629896797853
6340. 0.26622722192929
6342. 0.26615797309009
6344. 0.26608631796918
6346. 0.26601715867522
6348. 0.26594559431131
6350. 0.26587407559114
6352. 0.26580505061534
6354. 0.26573362239557
6356. 0.26566468654177
6358. 0.26559334865215
6360. 0.26552450175199
6362. 0.2654532540227
6364. 0.2653844959082
6366. 0.26531578180724
6368. 0.26524466867347
6370. 0.26517604310743
6372. 0.26510746143042
6374. 0.26503648251369
6376. 0.2649679891218
6378. 0.26489709969119
6380. 0.26482869441815
6382. 0.26476033282749
6384. 0.26469201487821
6386. 0.26462130326585
6388. 0.26455307310491
6390. 0.26448488646222
6392. 0.26441430793999
6394. 0.26434620883866
6396. 0.26427815313292
6398. 0.26421014078211
6400. 0.26413973891754
6402. 0.26407181378047
6404. 0.2640039318763
6406. 0.26393609316457
6408. 0.26386829760488
6410. 0.26379811547526
6412. 0.26373040672229
6414. 0.26366274100007
6416. 0.26359511826841
6418. 0.26352511132002
6420. 0.26345757507112
6422. 0.2633900816921
6424. 0.26332020586307
6426. 0.26325522338376
6428. 0.263185434336
6430. 0.26311811265708
6432. 0.26305083364817
6434. 0.26298117511221
6436. 0.26291398194298
6438. 0.26284683132426
6440. 0.26277972321646
6442. 0.26271023791817
6444. 0.2626432153309
6446. 0.26257623513565
6448. 0.26250687950419
6450. 0.26243998459096
6452. 0.2623731319513
6454. 0.26230390562659
6456. 0.26223713803131
6458. 0.2621704125916
6460. 0.26210131521491
6462. 0.26203467458283
6464. 0.26196566318471
6466. 0.26189910720266
6468. 0.26183259318034
6470. 0.26176371013491
6472. 0.26169728052733
6474. 0.26162848306416
6476. 0.26156213771469
6478. 0.26149342567577
6480. 0.26142716442816
6482. 0.26135853765589
6484. 0.26128995377379
6486. 0.26122381869142
6488. 0.26115531983989
6490. 0.26108686376012
6492. 0.26102085449246
6494. 0.26095488668029
6496. 0.26088655742034
6498. 0.2608182707752
6500. 0.26075002670557
6502. 0.2606818251722
6504. 0.26061366613587
6506. 0.26054794928164
6508. 0.26047987449494
6510. 0.26041184208831
6512. 0.26034385202272
6514. 0.26027590425921
6516. 0.26020799875885
6518. 0.26014013548275
6520. 0.26007231439209
6522. 0.26000453544809
6524. 0.259936798612
6526. 0.25986910384514
6528. 0.25980145110887
6530. 0.25973384036459
6532. 0.25966627157376
6534. 0.25959635371609
6536. 0.25952886933826
6538. 0.25946142679813
6540. 0.25939163696109
6542. 0.25932427860174
6544. 0.25925457413092
6546. 0.25918729979775
6548. 0.2591200671102
6550. 0.25905049007597
6552. 0.25898095587006
6554. 0.25891384912697
6556. 0.25884439982051
6558. 0.25877499322533
6560. 0.25870801208024
6562. 0.25863869015201
6564. 0.25856941081843
6566. 0.25850255492615
6568. 0.25843097977963
6570. 0.25836420760807
6572. 0.25829271865313
6574. 0.25822603004877
6576. 0.25815462712897
6578. 0.2580856448711
6580. 0.25801670489794
6582. 0.25794780717093
6584. 0.2578789516516
6586. 0.25780776379331
6588. 0.25773899320745
6590. 0.25767026471371
6592. 0.25759920568648
6594. 0.25753056189434
6596. 0.25745958877779
6598. 0.2573886588848
6600. 0.25732014217125
6602. 0.25724929795505
6604. 0.25717849684507
6606. 0.25710773880218
6608. 0.25703702378726
6610. 0.25696871851974
6612. 0.25689808879316
6614. 0.25682750197793
6616. 0.25675459322708
6618. 0.25668409276723
6620. 0.25661363510176
6622. 0.2565432201919
6624. 0.25647048580758
6626. 0.25640015694057
6628. 0.25632987071275
6630. 0.25625726685802
6632. 0.25618470688023
6634. 0.25611454963103
6636. 0.25604207662064
6638. 0.2559696473687
6640. 0.25589726183567
6642. 0.25582491998206
6644. 0.25575497734797
6646. 0.25568272206942
6648. 0.25560815610354
6650. 0.25553598857363
6652. 0.2554638645264
6654. 0.25539178392263
6656. 0.25531739515223
6658. 0.25524540198104
6660. 0.25517110191205
6662. 0.25509919601558
6664. 0.25502498448871
6666. 0.25495316570947
6668. 0.25487904256581
6670. 0.25480496389543
6672. 0.25473092965833
6674. 0.25465693981457
6676. 0.25458299432424
6678. 0.2545090931475
6680. 0.25443289282021
6682. 0.25435908083113
6684. 0.25428531303596
6686. 0.25420924803056
6688. 0.25413556918291
6690. 0.25405959442381
6692. 0.253983665077
6694. 0.25391011968963
6696. 0.25383428034683
6698. 0.25375848629477
6700. 0.25368273749289
6702. 0.25360703390068
6704. 0.25352904037817
6706. 0.25345342778039
6708. 0.25337786027061
6710. 0.25330233780853
6712. 0.25322452805905
6714. 0.25314676468776
6716. 0.25307137851602
6718. 0.25299370706148
6720. 0.2529160818614
6722. 0.2528385028745
6724. 0.25276097005954
6726. 0.25268348337534
6728. 0.25260604278074
6730. 0.25252864823467
6732. 0.25244897454438
6734. 0.25237167268426
6736. 0.2522920930425
6738. 0.25221256072862
6740. 0.25213539794261
6742. 0.25205595942648
6744. 0.2519765681124
6746. 0.25189722395841
6748. 0.25181792692255
6750. 0.25173867696295
6752. 0.25165715617904
6754. 0.25157800097555
6756. 0.2514965763428
6758. 0.25141751572674
6760. 0.25133618707491
6762. 0.25125490672414
6764. 0.25117367463158
6766. 0.25109249075444
6768. 0.25101135504995
6770. 0.25093026747542
6772. 0.25084922798821
6774. 0.25076592689553
6776. 0.25068267531732
6778. 0.25060178132679
6780. 0.25051862788015
6782. 0.25043552381704
6784. 0.25035477493586
6786. 0.25026946366675
6788. 0.25018881180583
6790. 0.250103600527
6792. 0.25002074272728
6794. 0.2499356320469
6796. 0.24985287321039
6798. 0.24976786295127
6800. 0.24968290322773
6802. 0.24959799399515
6804. 0.24951313520901
6806. 0.2494283268248
6808. 0.24934356879807
6810. 0.24925886108443
6812. 0.24917190867089
6814. 0.24908500806146
6816. 0.24900045257886
6818. 0.24891365464133
6820. 0.24882690837162
6822. 0.24874021372424
6824. 0.24865357065376
6826. 0.2485669791148
6828. 0.24847815048315
6830. 0.2483916626679
6832. 0.24830293928276
6834. 0.24821426886001
6836. 0.24812793668533
6838. 0.24803937123205
6840. 0.24795085860215
6842. 0.2478601158627
6844. 0.24777170955471
6846. 0.24768335593061
6848. 0.24759277451995
6850. 0.24750224734737
6852. 0.24741177436527
6854. 0.24732135552613
6856. 0.24723099078245
6858. 0.24714068008681
6860. 0.24705042339184
6862. 0.24696022065022
6864. 0.24686779806778
6866. 0.24677543102476
6868. 0.2466831194725
6870. 0.24659086336241
6872. 0.24649866264592
6874. 0.24640651727456
6876. 0.24631442719988
6878. 0.24622012459191
6880. 0.24612587889912
6882. 0.24603395611776
6884. 0.24593982323897
6886. 0.24584574712662
6888. 0.24574946428444
6890. 0.24565550242154
6892. 0.24556159717582
6894. 0.24546548766669
6896. 0.24536943642439
6898. 0.24527570246027
6900. 0.24517976671525
6902. 0.24508388908496
6904. 0.24498581310551
6906. 0.24489005243443
6908. 0.24479209509654
6910. 0.24469645117996
6912. 0.24459861227697
6914. 0.24450083296439
6916. 0.24440311319019
6918. 0.24430320277638
6920. 0.24420560282203
6922. 0.24410806224978
6924. 0.24400833359769
6926. 0.24390866603946
6928. 0.24380905952176
6930. 0.24370951399131
6932. 0.24361002939492
6934. 0.2435083628742
6936. 0.2434090009017
6938. 0.24330745874861
6940. 0.24320597916551
6942. 0.24310456209779
6944. 0.24300320749092
6946. 0.24290191529042
6948. 0.24279844917522
6950. 0.24269728255607
6952. 0.24259394379658
6954. 0.24249066910744
6956. 0.24238745843275
6958. 0.24228208020597
6960. 0.24217899834215
6962. 0.24207598032486
6964. 0.24197079745479
6966. 0.24186568023585
6968. 0.24176062861073
6970. 0.24165564252219
6972. 0.24154849715894
6974. 0.24144364293787
6976. 0.24133663127869
6978. 0.24123190869449
6980. 0.24112280967326
6982. 0.24101599960958
6984. 0.2409092566271
6986. 0.24080258066729
6988. 0.24069375479005
6990. 0.24058499780158
6992. 0.24047630964166
6994. 0.24036769025014
6996. 0.24025913956697
6998. 0.24014844567303
7000. 0.24004003322511
